 000000000000000000000000000000000000000000000000000000000001000000000000000000000000000000000001111111000000011100000000000000000000000000000000000000000000000000000000000110111111
 000000000000000000000000000000000000000000000000000000000011000000000000000000000000000000000001100000000001111100000000000000000000000000000000000000000000000000000000000110111111
 000000000000000000000000000000000000000000000000000000000010000000000000000000000000000000000000110000000000101000000000000000000000000000000000000000000000000000000000100111111111
 000000000000000000000000000000000000000000000000000000000100000000000000000000000000000000000000011000000000011100000000000000000000000000000000000000000000000000000001011111111000
 000000000000000000000000000000000000000000000000000000001100000000000000000000000000000000000000000100000000101000000000000000000000000000000000000000000000000000000001100000000000
 000000000000000000000000000000000000000000000000000000010000000000000000000000000000000000000000000010100011101100000000000000000000000000000000000000000000000000000011000000000000
 000000000000000000000000000000000000000000000000000000010000000000000000000000000000000000000000000011111110001100000000000000000000000000000000000000000000000000000001000000000000
 000000000000000000000000000000000000000000000000000011110000000000000000000000000000000000000000000000011000000110000000000000000000000000000000000000000000000000000010100000000000
 000000000000000000000000000000000000000000000000000101110000000000000000000000000000000000000000000000000000000110000000000000000000000000000000000000000000000000000010000000000000
 000000000000000000000000000000000000000000000000000100100000000000000000000000000000000000000000000000000000001000000000000000000000000000000000000000000000000000001110000000000000
 000000000000000000000000000000000000000000000000001100000000000000000000000000000000000000000000000000000000001000000000000000000000000000000000000000000000000000101100000000000000
 000000000000000000000000000000000000000000000000001000000000000000000000000000000000000000000000000000000000001100000000000000000000000000000000000000000000000001100000000000000000
 000000000000000000000000000000000000000000000000000100000000000000000000000000000000000000000000000000000000000100000000000000000000000000000000000000000000000110000000000000000000
 000000000000000000000000000000000000000000000100001000000000000000000000000000000000000000000000000000000000000100000000000000000000000000000000000000000000000100000000000000000000
 000000000000000000000000000000000000000000000011111100000000000000000000000000000000000000000000000000000000000110000000000000000000000000000000000000000000011000000000000000000000
 000000000000000000000000000000000000000000000111000000000000000000000000000000000000000000000000000000000000000100000000000000000000000000000000000000000000010000000000000000000000
 000000000000000000000000000000000000000000001010000000000000000000000000000000000000000000000000000000000000000110000000000000000000000000000000000000000000100000000000000000000000
 000000000000000000000000000000000000000000000110000000000000000000000000000000000000000000000000000000000000000110000000000000000000000000000000000000000011000000000000000000000000
 000000000000000000000000000000000000000000111100000000000000000000000000000000000000000000000000000000000000000010000000000000000000000000000000000000000100000000000000000000000000
 000000000000000000000000000000000000000001000000000000000000000000000000000000000000000000000000000000000000000010000000000000000000000000000000000000101100000000000000000000000000
 000000000000000000000000000000000000000011000000000000000000000000000000000000000000000000000000000000000000000011000000000000000000000000000000000000111000000000000000000000000000
 000000000000000000000000000000000000110110000000000000000000000000000000000000000000000000000000000000000000000001000000000000000000000000000000000001100000000000000000000000000000
 000000000000000000000000000000000011101100000000000000000000000000000000000000000000000000000000000000000000000001000000000000000000000000000000000001000000000000000000000000000000
 000000000000000000000000000000110100000000000000000000000000000000000000000000000000000000000000000000000000000001100000000000000000000000000000000011000000000000000000000000000000
 000000000000000000000000000001100000000000000000000000000000000000000000000000000000000000000000000000000000000001000000000000000000000000000000011110000000000000000000000000000000
 000000000000000000000000000011000000000000000000000000000000000000000000000000000000000000000000000000000000000001000000000000000000000000000010000000000000000000000000000000000000
 000000000000000000000000000010000000000000000000000000000000000000000000000000000000000000000000000000000000000001001000000000000000000000000011100000000000000000000000000000000000
 000000000000000000000000001110000000000000000000000000000000000000000000000000000000000000000000000000000000000000110000000000000000000000100101000000000000000000000000000000000000
 000000000000000000000000111100000000000000000000000000000000000000000000000000000000000000000000000000000000000000010000000000000000000000011000000000000000000000000000000000000000
 000000000000000000000011110000000000000000000000000000000000000000000000000000000000000000000000000000000000000000010000000000000000000000011000000000000000000000000000000000000000
 000000000000000000111100000000000000000000000000000000000000000000000000000000000000000000000000000000000000000000001000000000000000000000001000000000000000000000000000000000000000
 000000000000000011100000000000000000000000000000000000000000000000000000000000000000000000000000000000000000000000001100000000000000000000001000000000000000000000000000000000000000
 000000000001000110000000000000000000000000000000000000000000000000000000000000000000000000000000000000000000000000000101000000000000000000000000000000000000000000000000000000000000
 000000000001111100000000000000000000000000000000000000000000000000000000000000000000000000000000000000000000000000000110000000000000000000001000000000000000000000000000000000000000
 000000000011100000000000000000000000000000000000000000000000000000000000000000000000000000000000000000000000000000000010000000000000000000011000000000000000000000000000000000000000
 000000111100000000000000000000000000000000000000000000000000000000000000000000000000000000000000000000000000000000000011000000000000000000001000000000000000000000000000000000000000
 001111110000000000000000000000000000000000000000000000000000000000000000000000000000000000000000000000000000000000000011000000000000000000001100000000000000000000000000000000000000
 011000000000000000000000000000000000000000000000000000000000000000000000000000000000000000000000000000000000000000000011100000000000000000000100000000000000000000000000000000000000
 100000000000000000000000000000000000000000000000000000000000000000000000000000000000000000000000000000000000000000000001000000000000000000001000000000000000000000000000000000000000
 000000000000000000000000000000000101100000000000000000000000000000000000000000000000000000000000000000000000000000000001000000000000000000001000000000000000000000000000000000000000
 000000000000000000000000000000000000110000000000000000000000000000000000000000000000000000000000000000000000000000000001000000000000000000001000000000000000000000000000000000000000
 000000000000000000000000000000000000000000000000000000000000000000000000000000000000000000000000000000000000000000000000110000000000000000010000000000000000000000000000000000000000
 000000000000000000000001100000000000000000000000000000000000000000000000000000000000000000000000000000000000000000000000011000000000000000110000000000000000000000000000000000000000
 000000000000000000001000110000000000000000000000000000000000000000000000000000000000000000000000000000000000000000000000001000000000000000010000000000000000000000000000000000000000
 000000000000011111110000100000000000000000000000000000000000000000000000000000000000000000000000000000000000000000000000001000000000000000110000000000000000000000000000000000000000
 000000001111110110000000100000000000000000000000000000000000000000000000000000000000000000000000000000000000000000000000000110000000000000010000000000000000000000000000000000000000
 001110111000000000000000100000000000000000000000000000000000000000000000000000000000000000000000000000000000000000000000000100000000000000010000000000000000000000000000000000000000
 110010100000000000000000100000000000000000000000000000000000000000000000000000000000000000000000000000000000000000000000000100000000000000010000000000000000000000000000000000000000
 100000000000000000000001110000000000000000000000000000000000000000000000000000000000000000000000000000000000000000000000000010000000000001110000000000000000000000000000000000000000
 000000000000000000000001000000000000000000000000000000000000000000000000000000000000000000000000000000000000000000000000000011000000000011000000000000000000000000000000000000000000
 000000000000000000000001000000000000000000000000000000000000000000000000000000000000000000000000000000000000000000000000000000000000000010000000000000000000000000000000000000000000
 000000000000000000000001000000000000000000000000000000000000000000000000000000000000000000000000000000000000000000000000000001100000000110111100000000000000000000000000000000000000
 000000000000000000000001000000000000000000000000000000000000000000000000000000000000000000000000000000000000000000000000000001000000010110101111000000000000000000000000000000000000
 000000000000000000000010000000000000000000000000000000000000000000000000000000000000000000000000000000000000000000000000000001000000010001001001000000000000000000000000000000000000
 000000000000000000000110000000000000000000000000000000000000000000000000000000000000000000000000000000000000000000000000000000100000100000011001100000000000000000000000000000000000
 000000000000000000000100000000000000000000000000000000000000000000000000000000000000000000000000000000000000000000000000000000110000100000010000100000000000000000000000000000000000
 000000000000000000001100000000000000000000000000000000000000000000000000000000000000000000000000000000000000000000000000000000011001100000010000110000000000000000000000000000000000
 000000000000000000011000000000000000000000000000000000000000000000000000000000000000000000000000000000000000000000000000000000001111000000101000010000000000000000000000000000000000
 000000000000000000110000000000000000000000000000000000000000000000000000000000000000000000000000000000000000000000000000000000000000000000001000001000000000000000000000000000000000
 000000000000000000010000000000000000000000000000000000000000000000000000000000000000000000000000000000000000000000000000000000000000000000010000011100000000000000000000000000000000
 000000000000000000100000000000000000000000000000000000000000000000000000000000000000000000000000000000000000000000000000000000000000000000010000000100000000000000000000000000000000
 000000000000000001100000000000000000000000000000000000000000000000000000000000000000000000000000000000000000000000000000000000000000000000010000000100000000000000000000000000000000
 000000000000000011000000000000000000000000000000000000000000000000000000000000000000000000000000000000000000000000000000000000000000000000010000001100000000000000000000000000000000
 000000000000000010000000000000000000000000000000000000000000000000000000000000000000000000000000000000000000000000000000000000000000000000010000001100000000000000000000000000000000
 000000000000000010000000000000000000000000000000000000000000000000000000000000000000000000000000000000000000000000000000000000000000000000011000101000000000000000000000000000000000
 000000000000000010000000000000000000000000000000000000000000000000000000000000000000000000000000000000000000000000000000000000000000000000001000110000000000000000000000000000000000
 000000000000000000000000000000000000000000000000000000000000000000000000000000000000000000000000000000000000000000000000000000000000000000000110000000000000000000000000000000000000
 000000000000001000000000000000000000000000000000000000000000000000000000000000000000000000000000000000000000000000000000000000000000000000000000000000000000000000000000000000000000
 000000000000011000000000000000000000000000000000000000000000000000000000000000000000000000000000000000000000000000000000000000000000000000000000000000000000000000000000000000000000
 000000000000010000000000000000000000000000000000000000000000000000000000000000000000000000000000000000000000000000000000000000000000000000000000000000000000000000000000000000000000
 000000000000110000000000000000000000000000000000000000000000000000000000000000000000000000000000000000000000000000000000000000000000000000000000000000000000000000000000000000000000
 000000000001100000000000000000000000000000000000000000000000000000000000000000000000000000000000000000000000000000000000000000000000000000000000000000000000000000000000000000000000
 000000000001000000000000000000000000000000000000000000000000000000000000000000000000000000000000000000000000000000000000000000000000000000000000000000000000000000000000000000000000
 000000000010000000000000000000000000000000000000000000000000000000000000000000000000000000000000000000000000000000000000000000000000000000000000000000000000000000000000000000000000
 000000000010000000000000000000000000000000000000000000000000000000000000000000000000000000000000000000000000000000000000000000000000000000000000000000000000000000000000000000000000
 000000001100000000000000000000000000000000000000000000000000000000000000000000000000000000000000000000000000000000000000000000000000000000000000000000000000000000000000000000000000
 000000000000000000000000000000000000000000000000000000000000000000000000000000000000000000000000000000000000000000000000000000000000000000000000000000000000000000000000000000000000
 000000010000000000000000000000000000000000000000000000000000000000000000000000000000000000000000000000000000000000000000000000000000000000000000000000000000000000000000000000000000
 000001100000000000000000000000000000000000000000000000000000000000000000000000000000000000000000000000000000000000000000000000000000000000000000000000000000000000000000000000000000
 000001000000000000000000000000000000000000000000000000000000000000000000000000000000000000000000000000000000000000000000000000000000000000000000000000000000000000000000000000000000
 000100000000000000000000000000000000000000000000000000000000000000000000000000000000000000000000000000000000000000000000000000000000000000000000000000000000000000000000000000000000
 000000000000000000000000000000000000000000000000000000000000000000000000000000000000000000000000000000000000000000000000000000000000000000000000000000000000000000000000000000000000
 110000000000000000000000000000000000000000000000000000000000000000000000000000000000000000000000000000000000000000000000000000000000000000000000000000000000000000000000000000000000
 000000000000000000000000000000000000000000000000000000000000000000000000000000000000000000000000000000000000000000000000000000000000000000000000000000000000000000000000000000000000
 000000000000000000000000000000000000000000000000000000000000000000000000000000000000000000000000000000000000000000000000000000000000000000000000000000000000000000000000000000000000
 000000000000000000000000000000000000000000000000000000000000000000000000000000000000000000000000000000000000000000000000000000000000000000000000000000000000000000000000000000000000
 000000000000000000000000000000000000000000000000000000000000000000000000000000000000000000000000000000000000000000000000000000000000000000000000000000000000000000000000000000000000
 000000000000000000000000000000000000000000000000000000000000000000000000000000000000000000000000000000000000000000000000000000000000000000000000000000000000000000000000000000000000
 000000000000000000000000000000000000000000000000000000000000000000000000000000000000000000000000000000000000000000000000000000000000000000000000000000000000000000000000000000000000
 000000000000000000000000000000000000000000000000000000000000000000000000000000000000000000000000000000000000000000000000000000000000000000000000000000000000000000000000000000000000
