 000000000000000000000000000000000000000000000000000000000000000000000000000000011000000000000000000000000000000000000000000000000000000000000000000000000000000000000000000000000000
 000000000000000000000000000000000000000000000000000000000000000000000000000000100000000000000000000000000000000000000000000000000000000000000000000000000000000000000000000000000000
 000000000000000000000000000000000000000000000000000000000000000000000000000001100000000000000000000000000000000000000000000000000000000000000000000000000000000000000000000000000000
 000000000000000000000000000000000000000000000000000000000000000000000000000001100000000000000000000000000000000000000000000000000000000000000000000000000000000000000000000000000000
 000000000000000000000000000000000000000000000000000000000000000000000000000000111000000000000000000000000000000000000000000000000000000000000000000000000000000000000000000000000011
 000000000000000000000000000000000000000000000000000000000000000000000000000001100000000000000000000000000000000000000000000000000000000000000000000000000000000000000000000000111110
 000000000000000000000000000000000000000000000000000000000000000000000000000001000000000000000000000000000000000000000000000000000000000000000000000000000000000000000000000010100000
 000000000000000000000000000000000000000000000000000000000000000000000000000001100000000000000000000000000000000000000000000000000000000000000000000000000000000000000000000010000000
 000000000000000000000000000000000000000000000000000000000000000000000000000001100000000000000000000000000000000000000000000000000000000000000000000000000000000000000000001000000000
 000000000000000000000000000000000000000000000000000000000000000000000000000001110000000000000000000000000000000000000000000000000000000000000000000000000000000000000000100000000000
 000000000000000000000000000000000000000000000000000000000000000000000000000000100000000000000000000000000000000000000000000000000000000000000000000000000000000000000011100000000000
 000000000000000000000000000000000000000000000000000000000000000000000000000001100000000000000000000000000000000000000000000000000000000000000000000000000000000000000111000000000000
 000000000000000000000000000000000000000000000000000000000000000000000000000001000000000000000000000000000000000000000000000000000000000000000000000000000000000000000010000000000000
 000000000000000000000000000000000000000000000000000000000000000000000000000001000000000000000000000000000000000000000000000000000000000000000000000000000000000000000100000000000000
 000000000000000000000000000000000000000000000000000000000000000000000000000001000000000000000000000000000000000000000000000000000000000000000000000000000000000000001100000000000000
 000000000000000000000000000000000000000000000000000000000000000000000000000001000000000000000000000000000000000000000000000000000000000000000000000000000000000000000100000000000000
 000000000000000000000000000000000000000000000000000000000000000000000000000001000000000000000000000000000000000000000000000000000000000000000000000000000000000000000100000000000000
 000000000000000000000000000000000000000000000000000000000000000000000000000011000000000000000000000000000000000000000000000000000000000000000000000000000000000000000100000000000000
 000000000000000000000000000000000000000000000000000000000000000000000000000011000000000000000000000000000000000000000000000000000000000000000000000000000000000000000100000000000000
 000000000000000000000000000000000000000000000000000000000000000000000000000010000000000000000000000000000000000000000000000000000000000000000000000000000000000000000110000000000000
 000000000000000000000000000000000000000000000000000000000000000000000000000110000000000000000000000000000000000000000000000000000000000000000000000000000000000000000110000000000000
 000000000000000000000000000000000000000000000000000000000000000000000000000110000000000000000000000000000000000000000000000000000000000000000000000000000000000000000100000000000000
 000000000000000000000000000000000000000000000000000000000000000000000000000100000000000000000000000000000000000000000000000000000000000000000000000000000000000000000100000000000000
 000000000000000000000000000000000000000000000000000000000000000000000000000110000000000000000000000000000000000000000000000000000000000000000000000000000000000000000000000000000000
 000000000000000000000000000000000000000000000000000000000000000000000000001000000000000000000000000000000000000000000000000000000000000000000000000000000000000000001000000000000000
 000000000000000000000000000000000000000000000000000000000000000000000000000000000000000000000000000000000000000000000000000000000000000000000000000000000000000000110000000000000000
 000000000000000000000000000000000000000000000000000000000000000000000000001100000000000000000000000000000000000000000000000000000000000000000000000000000000000000000000000000000000
 000000000000000000000000000000000000000000000000000000000000000000000000001000000000000000000000000000000000000000000000000000000000000000000000000000000000000001000000000000000000
 000000000000000000000000000000000000000000000000000000000000000000000000001000000000000000000000000000000000000000000000000000000000000000000000000000000000000000000000000000000000
 000000000000000000000000000000000000000000000000000000000000000000000000001100000000000000000000000000000000000000000000000000000000000000000000000000000001000100000000000000000000
 000000000000000000000000000000000000000000000000000000000000000000000000001000000000000000000000000000000000000000000000000000000000000000000000000000000011110100000000000000000000
 000000000000000000000000000000000000000000000000000000000000000000000000011000000000000000000000000000000000000000000000000000000000000000000000000000000011111000000000000000000000
 000000000000000000000000000000000000000000000000000000000000000000000000010000000000000000000000000000000000000000000000000000000000000000000000000000000010010000000000000000000000
 000000000000000000000000000000000000000000000000000000000000000000000000000000000000000000000000000000000000000000000000000000000000000000000000000000000110110000000000000000000000
 000000000000000000000000000000000000000000000000000000000000000000000000010000000000000000000000000000000000000000000000000000000000000000000000000000000111100000000000000000000000
 000000000000000000000000000000000000000000000000000000000000000000000000010000000000000000000000000000000000000000000000000000000000000000000000000000011101100000000000000000000000
 000000000000000000000000000000000000000000000000000000000000000000000000010000000000000000000000000000000000000000000000000000000000000000000000000000010010000000000000000000000000
 000000000000000000000000000000000000000000000000000000000000000000000000011000000000000000000000000000000000000000000000000000000000000000000000000000111000000000000000000000000000
 000000000000000000000000000000000000000000000000000000000000000000000000011000000000000000000000000000000000000000000000000000000000000000000000000000010000000000000000000000000000
 000000000000000000000000000000000000000000000000000000000000000000000000001100000000000000000000000000000000000000000000000000000000000000000000000000100000000000000000000000000000
 000000000000000000000000000000000000000000000000000000000000000000000000001000000000000000000000000000000000000000000000000000000000000000000000000000100000000000000000000000000000
 000000000000000000000000000000000000000000000000000000000000000000000000011000000000000000000000000000000000000000000000000000010000000000000000000000000000000000000000000000000000
 000000000000000000000000000000000000000000000000000000000000000000000000010000000000000000000000000000000000000000000000000000100000000000000000000000000000000000000000000000000000
 000000000000000000000000000000000000000000000000000000000000000000000000010000000000000000000000000000000000000000000000000001100000000000000000000000000000000000000000000000000000
 000000000000000000000000000000000000000000000000000000000000000000000000010000000000000000000000000000000000000000000000000001100000000000000000001100000000000000000000000000000000
 000000000000000000000000000000000000000000000000000000000000000000000000101000000000000000000000000000000000000000000000000001100000000000000000001000000000000000000000000000000000
 000000000000000000000000000000000000000000000000000000000000000000000000100000000000000000000000000000000000000000000000000000110001000000000000000000000000000000000000000000000000
 000000000000000000000000000000000000000000000000000000000000000000000001100000000000000000000000000000000000000000000000000001001110000000000000100000000000000000000000000000000000
 000000000000000000000000000000000000000000000000000000000000000000000001100000000000000000000000000010000000000000000000000001110001100000000111000000000000000000000000000000000000
 000000000000000000000000000000000000000000000000000000000000000000000000000000000000000000000000000110000000000000000000000000111100011111111100000000000000000000000000000000000000
 000000000000000000000000000000000000000000000000000000000000000000000011000000000000000000000000001110000000000000000000000000000110000000000000000000000000000000000000000000000000
 000000000000000000000000000000000000000000000000000000000000000000000110000000000000000000000000011100000000000000000000000000000011000000000000000000000000000000000000000000000000
 000000000000000000000000000000000000000000000000000000000000000000000100000000000000000000000000010101000000000000000000000000000011000000000000000000000000000000000000000000000000
 000000000000000000000000000000000000000000000000000000000000000000000100000000000000000000000000111111000100000000000000000000000010000000000000000000000000000000000000000000000000
 000000000000000000000000000000000000000000000000000000000000000000001000000000000000000000000000011010001000000000000000000000000011000000000000000000000000000000000000000000000000
 000000000000000000000000000000000000000000000000000000000000000000001000000000000000000000000000100001110000000000000000000000000001010000000000000000000000000000000000000000000000
 000000000000000000000000000000000000000000000000000000000000000000011000000000000000000000000000001011101000000000000000000000000000110000000000000000000000000000000000000000000000
 000000000000000000000000000000000000000000000000000000000000000000010000000000000000000000000000010101111000001100000000000000000000000000000000000000000000000000000000000000000000
 000000000000000000000000000000000000000000000000000000000000000001100000000000000000000000000000001100001111111100000000000000000000000000000000000000000000000000000000000000000000
 000000000000000000000000000000000000000000000000000000000000000001000000000000000000000000000000010100101111000000000000000000000001000000000000000000000000000000000000000000000000
 000000000000000000000000000000000000000000000000000000000000000001000000000000000000000000000000010000111100000000000000000000000010000000000000000000000000000000000000000000000000
 000000000000000000000000000000000000000000000000000000000000000001100000000000000000000000000000011101111110000000000000000000000110000000000000000000000000000000000000000000000000
 000000000000000000000000000000000000000000000000000000000000000000100000000000000000000000000000011000000010000000000000000000011100000000000000000000000000000000000000000000000000
 000000000000000000000000000000000000000000000000000000000000000000100000000000000000000000000000000110011110000000000000000000111000000000000000000000000000000000000000000000000000
 000000000000000000000000000000000000000000000000000000000000000000100000000000000000000000000000000011011111001100000010111111100000000000000000000000000000000000000000000000000000
 000000000000000000000000000000000000000000000000000000000000000000100000000000000000000000001111000000000111101110111111110000000000000000000000000000000000000000000000000000000000
 000000000000000000000000000000000000000000000000000000000000000000110000000000000000000000000001000000000010101000000000000000000000000000000000000000000000000000000000000000000000
 000000000000000000000000000000000000000000000000000000000000000000010000000000000000000000000010000000000000010100000000000000000000000000000000000000000000000000000000000000000000
 000000000000000000000000000000000000000000000000000000000000000000010000000000000000000000001011100000000000000100000000000000000000000000000000000000000000000000000000000000000000
 000000000000000000000000000000000000000000000000000000000000000001100000000000000000000000000101100000000000001100000000000000000000000000000000000000000000000000000000000000000000
 000000000000000000000000000000000000000000000000000000000000000001010000000000000000000000000000010000000000001000000000000000000000000000000000000000000000000000000000000000000000
 000000000000000000000000000000000000000000000000000000000000000011000000000000000000000000000001100100000000101000000000000000000000000000000000000000000000000000000000000000000000
 000000000000000000000000000000000000000000000000000000000000000011000000000000000000000000000001111010001000011100000000000000000000000000000000000000000000000000000000000000000000
 000000000000000000000000000000000000000000000000000000000000000010000000000000000000000000000000001111101100111000000000000000000000000000000000000000000000000000000000000000000000
 000000000000000000000000000000000000000000000000000000000000000010000000000000000000000000000000001100011001110000000000000000000000000000000000000000000000000000000000000000000000
 000000000000000000000000000000000000000000000000000000000000000010100111000000000000000000000000001000000000000000000000000000000000000000000000000000000000000000000000000000000000
 000000000000000000000000000000000000000000000000000000000000000011100110000000000000000000000000001100000000000000000000000000000000000000000000000000000000000000000000000000000000
 000000000000000000000000000000000000000000000000000000000000000111111110000000000000000000000000010100000000000000000000000000000000000000000000000000000000000000000000000000000000
 000000000000000000000000000000000000000000000000000000000000000110100110000000000000000000000001101011001000000000000000000000000000000000000000000000000000000000000000000000000000
 000000000000000000000000000000000000000000000000000000000000000100101110000000000000000000000001000111111100000000000000000000000000000000000000000000000000000000000000000000000000
 000000000000000000000000000000000000000000000000000000000000000100001110000000000000000000000001111011111100000000000000000000000000000000000000000000000000000000000000000000000000
 000000000000000000000000000000000000000000000000000000000000000101101100000000000000000000000001010001111100000000000000000000000000000000000000000000000000000000000000000000000000
 000000000000000000000000000000000000000000000000000000000000001001001000000000000000000000000000110011100000000000000000000000000000000000000000000000000000000000000000000000000000
 000000000000000000000000000000000000000000000000000000000000000111011000000000000000000000000000000110000000000000000000000000000000000000000000000000000000000000000000000000000000
 000000000000000000000000000000000000000000000000000000000000110000011000000000000000000000000000001100000000000000000000000000000000000000000000000000000000000000000000000000000000
 000000000000000000000000000000000000000000000000000000000000000110111000000000000000000000000000001000000000000000000000000000000000000000000000000000000000000000000000000000000000
 000000000000000000000000000000000000000000000000000000000000000100010000000000000000000000000000001100000000000000000000000000000000000000000000000000000000000000000000000000000000
 000000000000000000000000000000000000000000000000000000000000001000111100000000000000000000000000001000000000000000000000000000000000000000000000000000000000000000000000000000000000
 000000000000000000000000000000000000000000000000000000000000011110111100000000000000000000000000111000000000000000000000000000000000000000000000000000000000000000000000000000000000
 000000000000000000000000000000000000000000000000000000000001001110111100000000000000000000000001110000000000000000000000000000000000000000000000000000000000000000000000000000000000
