 000000000000000000000000001100011101000000011111000000000000000100011000000000000000000000000000000000000000000000000000000000000000000000000000000000000000000000000000000000000000
 000000000000000000000011111000001111111000000001100000000000000000000000000000000000000000000000000000000000000000000000000000000000000000000000000000000000000000000000000000000000
 000000000000000000001110000111000000001100001000111000000000000000000010110000000000000000000000000000000000000000000000000000000000000000000000000000000000000000000000000000000000
 000001110001000000000000000111000000000011111110011100000000000000000010110000000000000000000000000000000000000000000000000000000000000000000000000000000000000000000000000000000000
 011111100011100000000000000000000000000000000110001111100000000000010000000000000000000000000000000000000000000000000000000000000000000000000000000000000000000000000000000000000000
 100000000000100000000000000000000000000000000110000011111100000001010000000000000000000000000000000000000000000000000000000000000000000000000000000000000000000000000000000000000000
 000001011000100000000000000000000000000000000011111100001100000001110000000000000000000000000000000000000000000000000000000000000000000000000000000000000000000000000000000000000000
 001111111101100000000000000000000000000000000001111100001110110000000000000000000000000000000000000000000000000000000000000000000000000000000000000000000000000000000000000000000000
 111100111111100000000000000000000000000000000000000110000000011100000000000000000000000000000000000000000000000000000000000000000000000000000000000000000000000000000000000000000000
 111110111110000000000000000000000000000000000000011010000000011100000000000000000000000000000000000000000000000000000000000000000000000000000000000000000000000000000000000000000000
 110110110010000000000000000000000000000000000000011111111011100000111110010101100000000000000000000000000000000000000000000000000000000000000000000000000000000000000000000000000000
 101111100110000000000000000000000000000000000000000000000000000000110001100000111000000000000000000000000000000000000000000000000000000000000000000000000000000000000000000000000000
 010110001100000000000000000000000001000000000000000000000000000000001100000000001110000000000000000000000000000000000000000000000000000000000000000000000000000000000000000000000000
 100000000100000000000000000000000000000000000000000000000000000000001000000000000111100000000000000000000000000000000000000000000000000000000000000000000000000000000000000000000000
 000000011000000000000000000000000000000000000000000000000000000000111100000000000000010000000000000000000000000000000000000000000000000000000000000000000000000000000000000000000000
 000000011100000000000000000000000000000000000000000000000000000111100111000000000011011000010000000000000000000000000000000000000000000000000000000000000000000000000000000000000000
 000000111000000000000000000000000000000000000011111111000000000110110100010111011111111000010110110000000000000000000000000000000000000000000000000000000000000000000000000000000000
 000000111000000000000000000000000000000000000001100001100000000111111111111000110000010000011110010000000001000000000000000000000000000000000000000000000000000000000000000000000000
 000000110000000000000000000000000000000000000000101111110000000000000000011100000000000000001111100000000000000000000000000000000000000000000000000000000000000000000000000000000000
 000000110000000000000000000000000000000000000000000000000000000000000000001000000000000000000000000010000000000010000000000000000000000000000000000000000000000000000000000000000000
 000000100000000000000000000000000000000000000000000000000000000000000000000000000000000000000000000000000000000000000000000000000000000000000000000000000000000000000000000000000000
 000000110000000000000000000000000000000000000000000000000000000000000000000000000000000000000000000000000000000011000000000000000000000000000000000000000000000000000000000000000000
 000000110000000000000000000000000000000000000000000000000000000000000000000000000000000000000000000000000000000000000000000000000000000000000000000000000000000000000000000000000000
 000000100000000000000000000000000000000000000000000000000000000000000000000000000000000000000000000000000000000000000000000000000000000000000000000000000000000000000000000000000000
 000011100000000000000000000000000000000000000000000000000000000000000000000000000000000000000000000000000000000001100000000000000000000000000000000000000000000000000000000000000000
 000011000000000010000000000000000000000000000000000000000000000000000000000000000000000000000000000000000000000011100000000000000000000000000000000000000000000000000000000000000000
 000111111111111101001111000000000000000000000000000000000000000000000000000000000000000000000000000000000000000000100000000000000000000000000000000000000000000000000000000000000000
 000000010001100000000111000000000000000000000000000000000000000000000000000000000000000000000000000000000000000000100000000000000000000000000000000000000000000000000000000000000000
 000000000000000000000001011000000000000000000000000000000000000000000000000000000000000000000000000000000000000000100000000000000000000000000000000000000000000000000000000000000000
 000000000000000000000010100000000000000000000000000000000000000000000000000000000000000000000000000000000000000000100000000000000000000000000000000000000000000000000000000000000000
 000000000000000000000000010100000000000000000000000000000000000000000000000000000000000000000000000000000000000000011000000000000000000000000000000000000000000000000000000000000000
 000000000000000000000000010000000000000000000000000000000000000000000000000000000000000000000000000000000000000000011000000000000000000000000000000000000000000000000000000000000000
 000000000000000000000000000110000000000000000000000000000000000000000000000000000000000000000000000000000000000000001000000000000000000000000000000000000000000000000000000000000000
 000000000000000000000000001000000000000000000000000000000000000000000000000000000000000000000000000000000000000000001000000000000000000000000000000000000000000000000000000000000000
 000000000000000000000000011000000000000000000000000000000000000000000000000000000000000000000000000000000000000000011000000000000000000000000000000000000000000000000000000000000000
 110000000000000000000000010000000000000000000000000000000000000000000000000000000000000000000000000000000000000000001000000000000000000000000000000000000000000000000000000000000000
 011111101100000000000000010000000000000000000000000000000000000000000000000000000000000000000000000000000000000000010000000000000000000000000000000000000000000000000000000000000000
 000001111011000000000000000000000000000000000000000000000000000000000000000000000000000000000000000000000000000000110000011000000000000000000000000000000000000000000000000000000000
 000000000110000000000000010000000000000000000000000000000000000000000000000000000000000000000000000000000000000000000000000000000000000000000000000000000000000000000000000000000000
 000000000011000000000000010000000000000000000000000000000000000000000000000000000000000000000000000000000000000000000000000000000000000000000000000000000000000000000000000000000000
 000000000001000000000000011000000000000000000000000000000000000000000000111100000000000000000000000000000000000000000000000000000000000000000000000000000000000000000000000000000000
 000000000000110000000000010000000000000000000000000000000000000000000001100100011000101000000000000000000000000001000000000000000000000000000000000000000000000000000000000000000000
 000000000000011100000000110000000000000000000000000000000000000000000011111100101000000000000000000000000000000000000000000000000000000000000000000000000000000000000000000000000000
 000000000000001000000000110000000000000000000000000000000000000000001110111000011011000000000000000000000000000000000000000000000000000000000000000000000000000000000000000000000000
 000000000000000110000000100000000000000000000000000000000000000111110000000000100100110000000000000000000000000000000000000000000000000000000000000000000000000000000000000000000000
 000000000000000010000000100000000000000000000000000000000000110101100000100111100000011000000000000000111000000000001100000000000000000000000000000000000000000000000000000000000000
 000000000000000010000000010000000000000000000000000000000001011000000000011000000000000000000000000000011000010000111000000000000000000000000000000000000000000000000000000000000000
 000000000000000000000000001000000000000000000000000000000010001000000000011000000000001101111111000000111100111001110000000000000000000000000000000000000000000000000000000000000000
 000000000000000010110000001000000000000000000000000000000110000000000000011000000000000111000001100000110100110000111000000000000000000000000000000000000000000000000000000000000000
 000000000000000010111000000100000000000000000000000000000110000000000001101110000000000001000000111111000000011001100000000000000000000000000000000000000000000000000000000000000000
 000000000000000001111100000110000000000000000000000000000100000000000001000110000000000000000000000000000000001111100000000000000000000000000000000000000000000000000000000000000000
 000000000000000000011110000001000000000001110000000000000100000000000001100100000000000000000000000000000000000000010000000000000000000000000000000000000000000000000000000000000000
 000000000000000000000011000000100000000110011011000000001100000000000000110110000000000000000000000000000000000000011000000000000000000000000000000000000000000000000000000000000000
 000000000000000000000000100000010100011100110000100000010000000000000000011100000000000000000000000000000000000000011000000000000000000000000000000000000000000000000000000000000000
 000000000000000000000000010000011111110011011000010001100000000000000000011000000000000000000000000000000000000000011000000000000000000000000000000000000000000000000000000000000000
 000000000000000000000000011101001000100010000111001011100000000000000000000000000000000000000000000000000000000000011111100000000000000000000000000000000000000000000000000000000000
 000000000000000000000000011011101000001110001011000110000000000000000000000000000000000000000000000000000000000000001000110000000000000000000000000000000000000000000000000000000000
 000000000000000000000000000010011100011000000010000011000000000000000000000000000000000000000000000000000000000000000000000000000000000000000000000000000000000000000000000000000000
 000000000000000000000000000000000101101100000000000011000000000000000000000000000000000000000000000000000000000000000000000110000000000000000000000000000000000000000000000000000000
 000000000000000000000000000000001011101100000011000000000000000000000000000000000000000000000000000000000000000000000000000011000000000000000000000000000000000000000000000000000000
 000000000000000000000000000000001100101100000001000000000000000000000000000000000000000000000000000000000000000000000000000000100000000000000000000000000000000000000000000000000000
 000000000000000000000000000000000000111000000000100000000000000000000000000000000000000000000000000000000000000000000000000000100000000000000000000000000000000000000000000000000000
 000000000000000000000000000000000000000000000000000000000000000000000000000000000000000000000000000000000000000000000000000001110000000000000000000000000000000000000000000000000000
 000000000000000000000000000000000000000000000000001000000000000000000000000000000000000000000000000000000000000000000000000001001100000000000000000000000000000000000000000000000000
 000000000000000000000000000000000000000000000000000000000000000000000000000000000000000000000000000000000000000000000000000001100110000000000000000000000000000000000000000000000000
 000000000000000000000000000000000000000000000000001000000000000000000000000000000000000000000000000000000000000000000000000000000111000000000000000000000000000000000000000000000000
 000000000000000000000000000000000000000000000000001000000000000000000000000000000000000000000000000000000000000000000000000000000011101111011001000000000000000000000000000000000000
 000000000000000000000000000000000000000000000000001000000000000000000000000000000000000000000000000000000000000000000000000000000000100000000001101100000000000000000000000000000000
 000000000000000000000000000000000000000000000000001000000000000000000000000000000000000000000000000000000000000000000000000000000000000000000000000111000000000000000000000000000000
 000000000000000000000000000000000000000000000000001000000000000000000000000000000000000000000000000000000000000000000000000000000000000000000000000001100000000000000000000000000000
 000000000000000000000000000000000000000000000000001000000000000000000000000000000000000000000000000000000000000000000000000000000000000000000000000000110000000000000000000000000000
 000000000000000000000000000000000000000000000000001100000000000000000000000000000000000000000000000000000000000000000000000000000000000000000000000000001000000000000000000000000000
 000000000000000000000000000000000000000000000000001000000000000000000000000000000000000000000000000000000000000000000000000000000000000000000000000000001110000000000000000000000000
 000000000000000000000000000000000000000000000000001000000000000000000000000000000000000000000000000000000000000000000000000000000000000000000000000000001111000000000000000000000000
 000000000000000000000000000000000000000000000000000100000000000000000000000000000000000000000000000000000000000000000000000000000000000000000000000000000000000000000000000000000000
 000000000000000000000000000000000000000000000000001100000000000000000000000000000000000000000000000000000000000000000000000000000000000000000000000000000001000000000000000000000000
 000000000000000000000000000000000000000000000000001000000000000000000000000000000000000000000000000000000000000000000000000000000000000000000000000000000000000000000000000000000000
 000000000000000000000000000000000000000000000000010000000000000000000000000000000000000000000000000000000000000000000000000000000000000000000000000000000000000000000000000000000000
 000000000000000000000000000000000000000000000000110000000000000000000000000000000000000000000000000000000000000000000000000000000000000000000000000000000001100000000000000000000000
 000000000000000000000000000000000000000000000011010000000000000000000000000000000000000000000000000000000000000000000000000000000000000000000000000000000000000000000000000000000000
 000000000000000000000000000000000000000000000101000000000000000000000000000000000000000000000000000000000000000000000000000000000000000000000000000000000000110000000000000000000000
 000000000000000000000000000000000000000000000100000000000000000000000000000000000000000000000000000000000000000000000000000000000000000000000000000000000000111000000000000000000000
 000000000000000000000000000000000000000000001100000000000000000000000000000000000000000000000000000000000000000000000000000000000000000000000000000000000000011100000000000000000000
 000000000000000000000000000000000000000000011000000000000000000000000000000000000000000000000000000000000000000000000000000000000000000000000000000000000000000010000000000000000000
 000000000000000000000000000000000000000000001000000000000000000000000000000000000000000000000000000000000000000000000000000000000000000000000000000000000000000100000000000000000000
 000000000000000000000000000000000000000001101000000000000000000000000000000000000000000000000000000000000000000000000000000000000000000000000000000000000000000110000000000000000000
 000000000000000000000000000000000000000111110000000000000000000000000000000000000000000000000000000000000000000000000000000000000000000000000000000000000000001110000000000000000000
 000000000000000000000000000000000000000110000000000000000000000000000000000000000000000000000000000000000000000000000000000000000000000000000000000000000000011100000000000000000000
 000000000000000000000000000000000000000100000000000000000000000000000000000000000000000000000000000000000000000000000000000000000000000000000000000000000000011111000000000000000000
 000000000000000000000000000000000000000110000000000000000000000000000000000000000000000000000000000000000000000000000000000000000000000000000000000000000101111111100000000000000000
