 000000000000000000000000000000000100001100000000000001100111000000000000000010000000000000000000000000000000011000000011100000000000000000000000000000110000000001111100000000000000
 000000000000000000000000000000000110000100000000000001100111000000000000000001000000000000000000000000000000010000000001100000011000000000000000000011011000000001111100111100000000
 000000000000000000000000000000000100000010000000000011000110000000000000000011100000000000000000000000000000010000000011100000000001110000000000000011111000000000000000100011110000
 000000000000000000000000000000000011000001000000000001110000000000000000000011110000000000000000000000000011110000000111110001111111110000000000000000110000000000111100000000111001
 000000000000000000000000000000000011100000000000000001111100000000000000000001110000000000000000000000000010100000000100001011010101110000000000000000000000000100111010000000001001
 000000000000000000000000000000000001100001100000000000000100000000000000000001101000000000000000000000000011000000000100001111000111111000000000000001100000000000011110000000001100
 000000000000000000000000000000000001100000100000000000000110011110000000000100000000000000000000000000000110000000000100000001001101011001111000000001111000000001001001100000001000
 000000000000000000000000000000000000100000010000000000000010111100000000000000011000000000000000000000001100000000001100000000110000000001111111100000000000000101000001100000000000
 000000000000000000000000000000000000001000010000000000000011111110000000000000001000000000000000000000001110000000001100000001100000000001100001000000000000000011000000110101110000
 000000000000000000000000000000000000000100001000000000000011111111000000000000001100000000000000000000000110000000001000000010110000000000000000000000000000000000000000011111011010
 000000000000000000000000000000000000000110001100000000000110101110100001100000001100001000000000000000001110000000010000001110011000000000000000000000000000000000000000111101110010
 000000000000000000000000000000000000000011000100000000000000000110110110010000001111010000001010000000001100000000010000111000001000000000000000000000011111111111000000110110100010
 000000000000000000000000000000000000000001000110000000000000001111110011100000000011100100010110100000001000000000010000010011000100000000000000111110111001100110100000001000110001
 000000000000000000000000000000000000000000000011100000000000000110000000000000000000000111110011111100001100000000000100010100001100000000000000000010011111011110110000001001110000
 000000000000000000000000000000000000000000000000100000000000001100000000000000000000000100000000001000111100000000011100010110001100000000000000110011001100000011010000000111101100
 000000000000000000000000000000000000000000000000010000000000000100000000000000000000000000000000001011101100000000000010010011000010000000000000001100000000000000110000000111011110
 000000000000000000000000000000000000000000000000011100000000000100000000000000000000000000000000001110000000000000000010010000100011100000000000000000000000000000000000000101000111
 000000000000000000000000000000000000000000000000001100000000000100000000000000000000000000000000000000000000000000000010010000001011100000000000000000000000000000000000000000000001
 000000000000000000000000000000000000000000000000000011000000000100000000000000000000000000000000000000000000000000000010010001001111100000000000000000000000000000000000000000000000
 000000000000000000000000000000000000000000000000000001100000000000000000000000000000000000000000000000000000000000000110010000111101000000000000000000000000000000000000000000000000
 000000000000000000000000000000000000000000000000000000010000000100000000000000000000000000000000000000000000000000000110110000011101100000000000000000000000000000000000000000000000
 000000000000000000000000000000000000000000000000110000011000000100000000000000000000000000000000000000000000000000000100110000011111101000000000000000000000000000000000000010000010
 000000000000000000000000000000000000000000000000000000001111100100000000000000000000000000100000000000000000000000000111110000000011000000000000000000000000000000000000000010000110
 000000000000000000000000000000000000000000000000000000000110000111001100000000000000000000100000000000000000000000000000010000000000000000000000000000000000000000000000001100000110
 000000000000000000000000000000000000000000000000000000000000000111110011010000000000000000000000000000000000000000000000010000000000000000000000000000000000000000000000000000001111
 000000000000000000000000000000000000000000000000000000000000000100010010111000000011100000000000000000000000000000000000000000000000000000000000000000000000000000000000000000001111
 000000000000000000000000000000000000000000000000000000000000111100000000001000000010111000000000000000000000000000000000000000000000000000000000000000000000000000000000000000001110
 000000000000000000000000000000000000000000000000000000000000011111000000001011111110000010111110100001000000000000000000000000000000000000000000000000000000000000000000000000001100
 000000000000000000000000000000000000000000000000000000000000000001100000000010000010000000111011010000000000000000000000000000000000000000000000000000000010000000000010000000000000
 000000000000000000000000000000000000000000000000000000000000000001110100000000000000000000010000000000000000000000000000000000000000000000000000000000000000000000000010000000000000
 000000000000000000000000000000000000000000000000000000000000000000000111100111000000000000011111110000000000000000000000000000000000000000000001111101000000000000001100000000000000
 000000000000000000000000000000000000000000000000000000000000000000000000110001111000000000011111010000000000000000000000000000000000000000000001111000000000001100001100000000000000
 000000000000000000000000000000000000000000000000000000000000000000000000000000000110100000000110011111100100011110000000000000000000000000111000000000011000001100011000000000000000
 000000000000000000000000000000000000000000000000000000000000000000000000000000000000011111111110011101101111111111111000110101011011111111111000111110001000000000000000000000000000
 000000000000000000000000000000000000000000000000000000000000000000000000000000000000000000000001111111001110010111111111000001101111010000001011111110000000000000000000000000000000
 000000000000000000000000000000000000000000000000000000000000000000000000000000000000000000000000011000010111101111100001111101111000000000011000111100000000000000000000000000000000
 000000000000000000000000000000000000000000000000000000000000000000000000000000000000000000000000000000000001110000000000000000000000000011100111100000000000000000000000000000000000
 000000000000000000000000000000000000000000000000000000000000000000000000000000000000000000000000000000000000000000011111100000000000000110001100000000000000000000000000000000000000
 000000000000000000000000000000000000000000000000000000000000000000000000000000000000000000000000000000000000000000011100011000000000001100010000000000000000000000000000000000000000
 000000000000000000000000000000000000000000000000000000000000000000000000000000000000000000000000000000000000000000000111011100000000001010110000000000000000000000000000000000000000
 000000000000000000000000000000000000000000000000000000000000000000000000000000000000000000000000000000000000000000000001111100000000011111100000000000000000000000000000000000000000
 000000000000000000000000000000000000000000000000000000000000000000000000000000000000000000000000000000000000000000000000011000010000001110000000000000000000000000000000000000000000
 000000000000000000000000000000000000000000000000000000000000000000000000000000000000000000000000000000000000000000000000000000010000110000000000000000000000000000000000000000000000
 000000000000000000000000000000000000000000000000000000000000000000000000000000000000000000000000000000000000000000000000000000000001100000000000000000000000000000000000000000000000
 000000000000000000000000000000000000000000000000000000000000000000000000000000000000000000000000000000000000000000000000000000000000000000000000000000000000000001001001101000000000
 000000000000000000000000000000000000000000000000000000000000000000000000000000000000000000000000000000000000000000000000000000000000000000000000000000000000000011111001111100000000
 000000000000000000000000000000000000000000000000000000000000000000000000000000000000000000000000000000000000000000000000000000000000000000000000000000000000000011001000101001000000
 000000000000000000000000000000000000000000000000000000000000000000000000000000000000000000000000000000000000000000000000000000000000000000000000000000000000000011101000001001011011
 000000000000000000000000000000000000000000000000000000000000000000000000000000000000000000000000000000000000000000000000000000000000000000000000000000000000000000001101011100001011
 000000000000000000000000000000000000000000000000000000000000000000000000000000000000000000000000000000000000000000000000000000000000000000000000000000000000000000111101110000000000
 000000000000000000000000000000000000000000000000000000000000000000000000000000000000000000000000000000000000000000000000000000000000000000000000000000000000000001111000000000000000
 000000000000000000000000000000000000000000000000000000000000000000000000000000000000000000000000000000000000000000000000000000000000000000000000000000000000000011000000000000000000
 000000000000000000000000000000000000000000000000000000000000000000000000000000000000000000000000000000000000000000000000000000000000000000000000000000000000000010000000000000000000
 000000000000000000000000000000000000000000000000000000000000000000000000000000000000000000000000000000000000000000000000000000000000000000000000000000000000000011000000000000000000
 000000000000000000000000000000000000000000000000000000000000000000000000000000000000000000000000000000000000000000000000000000000000000000000000000000000000000110000000000000000000
 000000000000000000000000000000000000000000000000000000000000000000000000000000000000000000000000000000000000000000000000000000000000000000000000000111000000001100000000000000000000
 000000000000000000000000000000000000000000000000000000000000000000000000000000000000000000000000000000000000000000000000000000000000000000000000111101100000011000000000000000000000
 000000000000000000000000000000000000000000000000000000000000000000000000000000000000000000000000000000000000000000000000000000000000000000000011111000110000010000000000000000000000
 000000000000000000000000000000000000000000000000000000000000000000000000000000000000000000000000000000000000000000000000000000000000000000001111000000001000001100000000000000000000
 000000000000000000000000000000000000000000000000000000000000000000000000000000000000000000000000000000000000000000000000000000000000000000001110000000001111111110000000000000000000
 000000000000000000000000000000000000000000000000000000000000000000000000000000000000000000000000000000000000000000000000000000000000000000011110000000011110111100000000000000000000
 000000000000000000000000000000000000000000000000000000000000000000000000000000000000000000000000000000000000000000000000000000000000000000111000000000011100111100000000000000000000
 000000000000000000000000000000000000000000000000000000000000000000000000000000000000000000000000000000000000000000000000000000000000000001111100000000011100000000000000000000000000
 000000000000000000000000000000000000000000000000000000000000000000000000000000000000000000000000000000000000000000000000000000000000000001100000000000000000000000000000000000000000
 000000000000000000000000000000000000000000000000000000000000000000000000000000000000000000000000000000000000000000000000000000000000001001101000000000000000000000000000000000000000
 000000000000000000000000000000000000000000000000000000000000000000000000000000000000000000000000000000000000000000000000000000000000001111111000000000000000000000000000000000000000
 000000000000000000000000000000000000000000000000000000000000000000000000000000000000000000000000000000000000000000000000000000000001101101000000000000000000000000000000000000000000
 000000000000000000000000000000000000000000000000000000000000000000000000000000000000000000000000000000000000000000000000000000000110111101000000000000000000000000000000000000000000
 000000000000000000000000000000000000000000000000000000000000000000000000000000000000000000000000000000000000000000000000000000001100011100000000000000000000000000000000000000000000
 000000000000000000000000000000000000000000000000000000000000000000000000000000000000000000000000000000000000000000000000000000001010011100000000000000000000000000000000000000000000
 000000000000000000000000000000000000000000000000000000000000000000000000000000000000000000000000000000000000000000000000000000001000001100000000000000000000000000000000000000000000
 000000000000000000000000000000000000000000000000000000000000000000000000000000000000000000000000000000000000000000000000000000001000000000000000000000000000000000000000000000000000
 000000000000000000000000000000000000000000000000000000000000000000000000000000000000000000000000000000000000000000000000000000001100000000000000000000000000000000000000000000000000
 000000000000000000000000000000000000000000000000000000000000000000000000000000000000000000000000000000000000000000000000000000011100000000000000000000000000000000000000000000000000
 000000000000000000000000000000000000000000000000000000000000000000000000000000000000000000000000000000000000000000000000000000110000000000000000000000000000000000000000000000000000
 000000000000000000000000000000000000000000000000000000000000000000000000000000000000000000000000000000000000000000000000000000110000000000000000000000000000000000000000000000000000
 000000000000000000000000000000000000000000000000000000000000000000000000000000000000000000000000000000000000000000000000000000100000000000000000000000000000000000000000000000000000
 000000000000000000000000000000000000000000000000000000000000000000000000000000000000000000000000000000000000000000000000000010000000000000000000000000000000000000000000000000000000
 000000000000000000000000000000000000000000000000000000000000000000000000000000000000000000000000000000000000000000000000000100000000000000000000000000000000000000000000000000000000
 000000000000000000000000000000000000000000000000000000000000000000000000000000000000000000000000000000000000000000000101110010000000000000000000000000000000000000000000000000000000
 000000000000000000000000000000000000000000000000000000000000000000000000000000000000000000000000000000000000000000011011000110000000000000000000000000000000000000000000000000000000
 000000000000000000000000000000000000000000000000000000000000000000000000000000000000000000000000000000000000000111110000000001000000000000000000000000000000000000000000000000000000
 000000000000000000000000000000000000000000000000000000000000000000000000000000000000000000000000000000000011111100000000000110000000000000000000000000000000000000000000000000000000
 000000000000000000000000000000000000000000000000000000000000000000000000000000000000000000000000000001001110111000000000000000000000000000000000000000000000000000000000000000000000
 000000000000000000000000000000000000000000000000000000000000000000000000000000000000000000000000000000011000000000000000000000000000000000000000000000000000000000000000000000000000
 000000000000000000000000000000000000000000000000000000000000000000000000000000000000000000000000000000100000000000000000000000000000000000000000000000000000000000000000000000000000
 000000000000000000000000000000000000000000000000000000000000000000000000000000000000000000000000000111100000000000000000000000000000000000000000000000000000000000000000000000000000
 000000000000000000000000000000000000000000000000000000000000000000000000000000000000000000000001101000000000000000000000000000000000000000000000000000000000000000000000000000000000
 000000000000000000000000000000000000000000000000000000000000000000000000000000000000000000000001111000000000000000000000000000000000000000000000000000000000000000000000000000000000
 000000000000000000000000000000000000000000000000000000000000000000000000000000000000000000000011110000000000000000000000000000000000000000000000000000000000000000000000000000000000
