 000000000000000000000000000000000000000000000000000000000000000000000000000000000000000000000000000000000000000000000000000000000000000000000000000000000000000000000000000000000000
 000000000000000000000000000000000000000000000000000000000000000000000000000000000000000000000000000000000000000000000000000000000000000000000000000000000000000000000000000000000000
 000000000000000000000000000000000000000000000000000000000000000000000000000000000000000000000000000000000000000000000000000000000000000000000000000000000000000000000000000000000000
 000000000000000000000000000000000000000000000000000000000000000000000000000000000000000000000000000000000000000000000000000000000000000000000000000000000000000000000000000000000000
 000000000000000000000000000000000000000000000000000000000000000000000000000000000000000000000000000000000000000000000000000000000000000000000000000000000000000000000000000000000000
 000000000000000000000000000000000000000000000000000000000000000000000000000000000000000000000000000000000000000000000000000000000000000000000000000000000000000000000000000000000000
 000000000000000000000000000000000000000000000000000000000000000000000000000000000000000000000000000000000000000000000000000000000000000000000000000000000000000000000000000000000000
 000000000000000000000000000000000000000000000000000000000000000000000000000000000000000000000000000000000000000000000000000000000000000000000000000000000000000000000000000000000000
 000000000000000000000000000000000000000000000000000000000000000000000000000000000000000000000000000000000000000000000000000000000000000000000000000000000000000000000000000000000000
 000000000000000000000000000000000000000000000000000000000000000000000000000000000000000000000000000000000000000000000000000000000000000000000000000000000000000000000000000000000001
 000000000000000000000000000000000000000000000000000000000000000000000000000000000000000000000000000000000000000000000000000000000000000000000000000000000000000001011110111100000111
 000000000000000000000000000000000000000000000000000000000000000000000000000000000000000000000000000000000000000000000000000000000000000000000000000000000000000011101111111111111000
 000000000000000000000000000000000000000000000000000000000000000000000000000000000000000000000000000000000000000000000000000000000000000000000000000000000000000000000000011000000000
 000000000000000000000000000000000000000000000000000000000000000000000000000000000000000000000000000000000000000000000000000000000000000000000000000000000000000000000000000001100000
 000000000000000000000000000000000000000000000000000000000000000000000000000000000000000000000000000000000000000000000000000000000000000000000000000000000000000000000000000000110000
 000000000000000000000000000000000000000000000000000000000000000000000000000000000000000000000000000000000000000000000000000000000000000000000000000000000000000000000000000000110000
 000000000000000000000000000000000000000000000000000000000000000000000000000000000000000000000000000000000000000000000000000000000000000000000000000000000000000000000000000000111000
 000000000000000000000000000000000000000000000000000000000000000000000000000000000000000000000000000000000000000000000000000000000000000000000000000000000000000000000000000000001100
 000000000000000000000000000000000000000000000000000000000000000000000000000000000000000000000000000000000000000000001000000000000000000000000000000000000000000000000001100000000110
 000000000000000000000000000000000000000000000000000000000000000000000000000000000000000000000000000000000000000001111111100000000000000000000000000000000000000000000001011010000110
 000000000000000000000000000000000000000000000000000000000000000000000000000000000000000000000000000000000000000011000110110000000000000000000000000000000000000000010111000001111000
 000000000000000000000000000000000000000000000000000000000000000000000000000000000000000000000000000000000000000110001000000000000000000000000000000000000000000001110000000000000000
 000000000000000000000000000000000000000000000000000000000000000000000000000000000000000001111101111111100000010110001100000000000000000000000000000000000000111110000000000000000000
 000000000000000000000000000000000000000000000000000000000000000000000000000000000000000111000000001101100000111110011000000000000000000000000000000000000111100000000000000000000000
 000000000000000000000000000000000000000000000000000000000000000000000000000000000000001000000000000010000011100000011000000000000000000000000000000001110100000000000000000000000000
 000000000000000000000000000000000000000000000000000000000000000000000000000000000000111000000000000100100100000000000000000000000000000000000000000011100000000000000000000000000000
 000000000000000000000000000000000000000000000000000000000000000000000000000000000001000000000000000111111000000001111000000000000000000000000000001110000000000000000000000000000000
 000000000000000000000000000000000000000000000000000000000000000000000000000000000111000000000000000001100000000001000000000000000001111011000000111000000000000000000000000000000000
 000000000000000000000000000000000000000000000000000000000000000000000000000000101000000000000000000000000001100000000000001011100111000000110011000000000000000000000000000000000000
 000000000000000000000000000000000000000000000000000000000000000000000000000001110000000000000000000000000011000000011101111011010000000000011110000000000000000000000000000000000000
 000000000000000000000000000000000000000000000000000000000010000000000000000011000000000000000000000000001010000001110001100011000000000000000100000000000000000000000000000000000000
 000000000000000000000000000000000000000000000000000000001101110101000000000011000000000000000000000000110100000011000000000000000000000000000000000000000000000000000000000000000000
 000000000000000000000000000001110111110101110100000010110000000100001000000111011000000000000000000011100000000011000000000000000000000000000000000000000000000000000000000000000000
 000000000000000000000000001011100000000000001000000000000000001001111110111101111000000000000000000110000000000110001110000000000000000000000000000000000000000000000000000000000000
 000000000000000000000000001110000000000000000000000000000000000001110010000000000000000000000000001100000000001100010110000000000000000000000000000000000000000000000000000000000000
 000000000000000000000000111100000000000000000000000000000000000000000000000000000000000000000000111000000000110001110000000000000000000000000000000000000000000000000000000000000000
 000000000000000000000011100000000000000000000000000000000000000000000000000000000000000000000000100000000000110000000000000000000000000000000000000000000000000000000000000000000000
 000000000000000000000110000000000000000000000000000000000000000000000000000000000000000000000110000000000001100000000000000000000000000000000000000000000000000000000000000000000000
 000000000000000000000010000000000000000000000000000000000000000000000000000000000000000010000000000000000000111110000000000000000000000000000000000000000000000000000000000000000000
 000000000000000000001000000000000000000000000000000000000000000000000000000000000000000110000000000000000000000011000000000000000000000000000000000000000000000000000000000000000000
 000000000000000011100000000000000000000000000000000000000000000000000000000000000000000100000000000000000000001110000000000000000000000000000000000000000000000000000000000000000000
 000000000000000110000000000000000000000000000000000000000000000000000000000000000000001100000000000000000000001100000000000000000000000000000000000000000000000000000000000000000000
 000000000000011000000000000000000000000000000000000000000000000000000000000000000000101000000000000000000000001100000000000000000000000000000000000000000000000000000000000000000000
 000000000000010000000000000000000000000000000000000000000000000000000000000000000000100000000000000000000000000010000000000000000000000000000000000000000000000000000000000000000000
 000000000001100000000000000000000000000000000000000000000000000000000000000000000000000000000000000000000000001001000000000000000000000000000000000000000000000000000000000000000000
 000000000110000000000000000000000000000000000000000000000000000000000000000000000011000000000000000000000000111111000000000000000000000000000000000000000000000000000000000000000000
 000000001100000000000000000000000000000000000000000000000000000000000000000000000011000000000000000000000001100000000000000000000000000000000000000000000000000000000000000000000000
 000001110000000000000000000000000000000000000000000000000000000000000000000000000011000000000000000000000011000000000000000000000000000000000000000000000000000000000000000000000000
 000011000000000000000000000000000000000000000000000000000000000000000000000000000010000000000000000000000011000000000000000110000000000000000000000000000000000000000000000000000000
 111100011010100000000000000000000000000000000000000000000000000000000000000000000011000000000000000000000011000000000000000110000000000000000000000000000000000000000000000000000000
 010000011110000000000000000000000000000000000000000000000000000000000000000000000011000000000000000000000001100000000000000000000000000000000000000000000000000000000000000000000000
 111111110010000000000000000000000000000000000000000000000000000000000000000000000011000000000000000000011111100000000000000000000000000000000000000000000000000000000000000000000000
 000000100110000000000000000000100000000000000000000000000000000000000000000000000001000000000000000011100100000000000000000000000000000000000000000000000000000000000000000000000000
 000000111100000110011000000001110000000000000000000000000000000000000000000000000001000000000000000110000000000000000000000000000000000000000000000000000000000000000000000000000000
 000000111110011100001100000000110000000000000000000000000000000000000000000000000001100000000000001100000000000000000000000000000000000000000000000000000000000000000000000000000000
 000000011110111000000110000010111000000000000000000000000000000000000000000000000001100000000000001100000000000000000000000000000000000000000000000000000000000000000000000000000000
 000000000000000000000001110101111000000000000000000000000000000000000000000000000000100000000000001100000000000000000000000000000000000000000000000000000000000000000000000000000000
 000000000000000000000011110110011000000000000000000000000000000000000000000000000000110000000101111100000000000000000000000000000000000000000000000000000000000000000000000000000000
 000000000000000000000001000100001000000000000000000000000000000000000000000000000000110000000111000000000000000000000000000000000000000000000000000000000000000000000000000000000000
 000000000000000000000000110100000100000000000000000000000000000000000000000000000000110000000110000000000000000000000000000000000000000000000000000000000000000000000000000000000000
 000000000000000000000001111100011000000000000000000000000000000000000000000000000000010000000000000000000000000000000000000000000000000000000000000000000000000000000000000000000000
 000000000000000000000000111100011000000000000000000000000000000000000000000000000000011000000100000000000000000000000000000000000000000000000000000000000000000000000000000000000000
 000000000000000000000000011100001100000000000000000000000000000000000000000000000000001100011000000000000000000000000000000000000000000000000000000000000000000000000000000000000000
 000000000000000000000000000100000100000000000000000000000000000000000000000000000000000100110000000000000000000000000000000000000000000000000000000000000000000000000000000000000000
 000000000000000000000011000010001000000000000000000000000000000000000000000000000000001001100000000000000000000000000000000000000000000000000000000000000000000000000000000000000000
 000000000000000000000010000010000110000000000000000000000000000000000000000000000000001110000000000000000000000000000000000000000000000000000000000000000000000000000000000000000000
 000000000000000000000010000010000110000000000000000000000000000000000000000000000010011000000000000000000000000000000000000000000000000000000000000000000000000000000000000000000000
 000000000000000000000100000010000010000000000000000000000000000000000000000000000001110000000000000000000000000000000000000000000000000000000000000000000000000000000000000000000000
 000000000000000000000100000000000011000000000000000000000000000000000000000000000111100000000000000000000000000000000000000000000000000000000000000000000000000000000000000000000000
 000000000000000000000110000010000001000000000000000000000000000000000000000000000111000000000000000000000000000000000000000000000000000000000000000000000000000000000000000000000000
 000000000000000000000100000010000001100000000000000000000000000000000000000000000000000000000000000000000000000000000000000000000000000000000000000000000000000000000000000000000000
 000000000000000000000110000010000001100000000000000000000000000000000000000000010000000000000000000000000000000000000000000000000000000000000000000000000000000000000000000000000000
 000000000000000000001100000010001111110000000000000000000000000000000000000000110000000000000000000000000000000000000000000000000000000000000000000000000000000000000000000000000000
 000000000000000000001100000010001000110000000000000000000000000000000000000000000000000000000000000000000000000000000000000000000000000000000000000000000000000000000000000000000000
 000000000000000000001100000100010000000000000000000000000000000000000000000000000000000000000000000000000000000000000000000000000000000000000000000000000000000000000000000000000000
 000000000000000000001000000100110000000000000000000000000000000000000000000000000000000000000000000000000000000000000000000000000000000000000000000000000000000000000000000000000000
 000000000000000000001000000011100000000000000000000000000000000000000000000000000000000000000000000000000000000000000000000000000000000000000000000000000000000000000000000000000000
 000000000000000000110000000011100000000000000000000000000000000000000000000000000000000000000000000000000000000000000000000000000000000000000000000000000000000000000000000000000000
 000000000000000010100000000011100000000000000000000000000000000000000000000000000000000000000000000000000000000000000000000000000000000000000000000000000000000000000000000000000000
 000000000000000010000000000110100000000000000000000000000000000000000000000000000000000000000000000000000000000000000000000000000000000000000000000000000000000000000000000000000000
 000000000000000110000000000110010000000000000000000000000000000000000010000000000000000000000000000000000000000000000000000000000000000000000000000000000000000000000000000000000000
 000000000000011100000000000000001000000000000000000000000000000000001000000000000000000000000000000000000000000000000000000000000000000000000000000000000000000000000000000000000000
 000000000000011000000000000100101100000000000000000000000000000000010000000000000000000000000000000000000000000000000000000000000000000000000000000000000000000000000000000000000000
 000000000000010000000000000101111100000000000000000000000000000000000000000000000000000000000000000000000000000000000000000000000000000000000000000000000000000000000000000000000000
 000000000000100000000000000111000110000000000000000000000000000000000000000000000000000000000000000000000000000000000000000000000000000000000000000000000000000000000000000000000000
 000000000001100000000000000110000000000000000000000000000000110000000000000000000000000000000000000000000000000000000000000000000000000000000000000000000000000000000000000000000000
 000000000011000000000000000000000000000000000000000000000001100000000000000000000000000000000000000000000000000000000000000000000000000000000000000000000000000000000000000000000000
 000000001110000000000000000000000000000000000000000000000011000000000000000000000000000000000000000000000000000000000000000000000000000000000000000000000000000000000000000000000000
 000000011000000000000000001110000000000000000000000111100000000000000000000000000000000000000000000000000000000000000000000000000000000000000000000000000000000000000000000000000000
 000000110000000000000000001001000000000000000000001111000000000000000000000000000000000000000000000000000000000000000000000000000000000000000000000000000000000000000000000000000000
