 000000000000000000011000000000000000000000000000000000000000000011000000000000000000000000000000000000000000000000000000000000000000000000000000000000000000000000000000000000000000
 000000000000000000001001111100000000000000000000000000000000000001111011110000000000000000000000000000000000000000000000000000000000000000000000000000000000000000000000000000000000
 000000000000000000001101100001111110000000000000000000000000000000000111110000000000000000000000000000000000000000000000000000000000000000000000000000000000000000000000000000000000
 000000000000000000011101100000000001100000000000000000000000010010000010010111110000000000000000000000000000000000000000000000000000000000000000000000000000000000000000000000000000
 001101110000000000000111110000000000001000000000000000000110110110000000101110111000000000000000000000000000000000000000000000000000000000000000000000000000000000000000000000000000
 111111100000000000000000100000000000001100000000000011110110001011111111101100000000000000000000000000000000000000000000000000000000000000000000000000000000000000000000000000000000
 110011000000000000000000000100100011011100000000001110000000001000000000100000000000000000000000000000000000000000000000000000000000000000000000000000000000000000000000000000000000
 001001110000111010000000000011111001110000000001110000000000000000000000000000000000000000000000000000000000000000000000000000000000000000000000000000000000000000000000000000000000
 001000111110000111000000000000110101000000000000011111000000000000000000000000000000000000000000000000000000000000000000000000000000000000000000000000000000000000000000000000000000
 100000000000000011000000000000110000000000000000000011010000000000000000000000000000000000000000000000000000000000000000000000000000000000000000000000000000000000000000000000000000
 000000000000000000101100000101110000000000000000000001110000000000000000111111000000000000000000000000000000000000000000000000000000000000000000000000000000000000000000000000000000
 000000000000000000000111000111110000000000000000000000110111111010111011000110000000000000000000000000000000000000000000000000000000000000000000000000000000000000000000000000000000
 000000000000000000000000111111100000000000000000000000000001000000111100001110000000000000000000000000000000000000000000000000000000000000000000000000000000000000000000000000000000
 000000000000000000000000000000000000000000000000000000000000000000000000000010000000000000000000000000000000000000000000000000000000000000000000000000000000000000000000000000000000
 000000000000000000000000000000000000000000000000000000000000000000000000000011000000000000000000000000000000000000000000000000000000000000000000000000000000000000000000000000000000
 000000000000000000000000000000000111111000000000000000000000000000000110000110000000000000000000000000000000000000000000000000000000000000000000000000000000000000000000000000000000
 000000000000000000000000000000001111110111111100000000000000000110000110101000000000000000000000000000000000000000000000000000000000000000000000000000000000000000000000000000000000
 000000000000000000000000000000000000000111110000000000000000001011111100000000000000000000000000000000000000000000000000000000000000000000000000000000000000000000000000000000000000
 000000000000000000000000000000000000000000000000000000000000110000000000000000000000000000000000000000000000000000000000000000000000000000000000000000000000000000000000000000000000
 000000000000000000000000000000000000000000000000000000000001100000000000000000000000000000000000000000000000000000000000000000000000000000000000000000000000000000000000000000000000
 000000000000000000000000000000000000000000000000000000000010000000000000000000000000000000000000000000000000000000000000000000000000000000000000000000000000000000000000000000000000
 000000000000000000000000000000000000000000000000000000001100000000000000000000000000000000000000000000000000000000000000000000000000000000000000000000000000000000000000000000000000
 000000000000000000000000000000000000000000000000000000011100000000000000000000000000000000000000000000000000000000000000000000000000000000000000000000000000000000000000000000000000
 000000000000000000000000000000000000000000000000000000011100000000000000000000000000000000000000000000000000000000000000001000000000000000000000000000000000000000000000000000000000
 000000000000000000000000000000000000000000000000000000001110000000000000000000000000000000000000000000000000000000001101110100000100000000000000000000000000000000000000000000000000
 000000000000000000000000000000000000000000000000000000000111110000000000000000000000000000000000000000000000000001101110100100011111111100000000000000000000000000000000000000000000
 000000000000000000000000000000000000000000000000000000000001110111010000000000000000000000000000000000000000000001011101111110111100011100000000000000000000000000000000000000000000
 000000000000000000000000000000000000000000000000000000000011101110100000000000000000000000000000000000000000001110110000000001110000001111101000000000000000000000000000000000000000
 000000000000000000000000000000000000000000000000000001111100111100001010000000000000000000000000000000000000111010100000000000110000011101111000000000001000000000000000000000000000
 000000000000000000000000000000000000000000000000001110011100011010001011100000000000000000000000000000000000110001000000001101100011000000000011101011001111000011100000000000000000
 000000000000000000000000000000000000000000000000000011111100000100111001100000000000000000000000000000000011110011001001110011001100000000000000000000001111101011111000000000000000
 000000000000000000000000000000000000000000000000000000000000000000000000110000000000000000000000000000000011000001110111000000000000000000000000000000000000111001010000000000000010
 000000000000000000000000000000000000000000000000000000000000000000000000110000000000000000000000000000001100000011111100000000000000000000000000000000000000000001111010000000001111
 000000000000000000000000000000000000000000000000000000000000000000000001111000100000011000011000000001111100000001010000000000000000000000000000000000000000000000001110000101010011
 000000000000000000000000000000000000000000000000000000000000000000000000111111011100111110111000000000000110000000000000000000000000000000000000000000000000000000000001111111111011
 000000000000000000000000000000000000000000000000000000000000000000000000110110000010000111101000000000001110010000000000000000000000000000000000000000000000000000000000011000111101
 000000000000000000000000000000000000000000000000000000000000000000000000000000000001100001100000000000110001111000000000000000000000000000000000000000000000000000000000000111111111
 000000000000000000000000000000000000000000000000000000000000000000000000000000000000000001110000000101100001111100000000000000000000000000000000000000000000000000000000000001111111
 000000000000000000000000000000000000000000000000000000000000000000000000000000000000000000000000000100001111111000000000000000000000000000000000000000000000000000000000000000111111
 000000000000000000000000000000000000000000000000000000000000000000000000000000000000000011100000110001111110111100000000000000000000000000000000000000000000000000000000000000011111
 000000000000000000000000000000000000000000000000000000000000000000000000000000000000001101100011000001000101111000000000000000000000000000000000000000000000000000000000000000001111
 000000000000000000000000000000000000000000000000000000000000000000000000000000000000010100001110000001111111000000000000000000000000000000000000000000000000000000000000000000001111
 000000000000000000000000000000000000000000000000000000000000000000000000000000000001111001111000000000111100000000000000000000000000000000000000000000000000000000000000000000000011
 000000000000000000000000000000000000000000000000000000000000000000000000000000001101010011000000000001100000000000000000000000000000000000000000000000000000000000000000000000000001
 000000000000000000000000000000000000000000000000000000000000000000000000000000110000011000000000000001000000000000000000000000000000000000000000000000000000000000000000000000000000
 000000000000000000000000000000000000000000000000000000000000000000000000000001100000101000000000000000000000000000000000000000000000000000000000000000000000000000000000000000000000
 000000000000000000000000000000000000000000000000000000000000000000000001001001101111100000000000000000000000000000000000000000000000000000000000000000000000000000000000000000000000
 000000000000000000000000000000000000000000000000000000000000000000000011010011110100000000000000000000000000000000000000000000000000000000000000000000000000000000000000000000000000
 000000000000000000000000000000000000000000000000000000000000000000000110111111110000000000000000000000000000000000000000000000000000000000000000000000000000000000000000000000000000
 000000000000000000000000000000000000000000000000000000000000000011011101000001000000000000000000000000000000000000000000000000000000000000000000000000000000000000000000000000000000
 000000000000000000000000000000000000000000000000000000000000011111111010000000000000000000000000000000000000000000000000000000000000000000000000000000000000000000000000000000000000
 000000000000000000000000000000000000000000000000000000000000110111100000000000000000000000000000000000000000000000000000000000000000000000000000000000000000000000000000000000000000
 000000000000000000000000000000000000000000000000000000000000111000000000000000000000000000000000000000000000000000000000000000000000000000000000000000000000000000000000000000000000
 000000000000000000000000000000000000000000000000000000011100000000000000000000000000000000000000000000000000000000000000000000000000000000000000000000000000000000000000000000000000
 000000000000000000000000000000000000000000000000000111100000000000000000000000000000000000000000000000000000000000000000000000000000000000000000000000000000000000000000000000000000
 000000000000000000000000000000000000000000000001100111100000000000000000000000000000000000000000000000000000000000000000000000000000000000000000000000000000000000000000000000000000
 000000000000000000000000000000000000000000000111111110000000000000000000000000000000000000000000000000000000000000000000000000000000000000000000000000000000000000000000000000000000
 000000000000000000000000000000000000000000001110000000000000000000000000000000000000000000000000000000000000000000000000000000000000000000000000000000000000000000000000000000000000
 000000000000000000000000000000000000000011000000000000000000000000000000000000000000000000000000000000000000000000000000000000000000000000000000000000000000000000000000000000000000
 000000000000000000000000000000000000010000000000000000000000000000000000000000000000000000000000000000000000000000000000000000000000000000000000000000000000000000000000000000000000
 000000000000000000000011000000100000000000000000000000000000000000000000000000000000000000000000000000000000000000000000000000000000000000000000000000000000000000000000000000000000
 000000000000000100000011010000000000000000000000000000000000000000000000000000000000000000000000000000000000000000000000000000000000000000000000000000000000000000000000000000000000
 000000011011111000000000000000000000000000000000000000000000000000000000000000000000000000000000000000000000000000000000000000000000000000000000000000000000000000000000000000000000
 000000000001110000000000000000000000000000000000000000000000000000000000000000000000000000000000000000000000000000000000000000000000000000000000000000000000000000000000000000000000
 000000000000000000000000000000000000000000000000000000000000000000000000000000000000000000000000000000000000000000000000000000000000000000000000000000000000000000000000000000000000
 000000000000000000000000000000000000000000000000000000000000000000000000000000000000000000000000000000000000000000000000000000000000000000000000000000000000000000000000000000000000
 000000000000000000000000000000000000000000000000000000000000000000000000000000000000000000000000000000000000000000000000000000000000000000000000000000000000000000000000000000000000
 000000000000000000000000000000000000000000000000000000000000000000000000000000000000000000000000000000000000000000000000000000000000000000000000000000000000000000000000000000000000
 000000000000000000000000000000000000000000000000000000000000000000000000000000000000000000000000000000000000000000000000000000000000000000000000000000000000000000000000000000000000
 000000000000000000000000000000000000000000000000000000000000000000000000000000000000000000000000000000000000000000000000000000000000000000000000000000000000000000000000000000000000
 000000000000000000000000000000000000000000000000000000000000000000000000000000000000000000000000000000000000000000000000000000000000000000000000000000000000000000000000000000000000
 000000000000000000000000000000000000000000000000000000000000000000000000000000000000000000000000000000000000000000000000000000000000000000000000000000000000000000000000000000000000
 000000000000000000000000000000000000000000000000000000000000000000000000000000000000000000000000000000000000000000000000000000000000000000000000000000000000000000000000000000000000
 000000000000000000000000000000000000000000000000000000000000000000000000000000000000000000000000000000000000000000000000000000000000000000000000000000000000000000000000000000000000
 000000000000000000000000000000000000000000000000000000000000000000000000000000000000000000000000000000000000000000000000000000000000000000000000000000000000000000000000000000000000
 000000000000000000000000000000000000000000000000000000000000000000000000000000000000000000000000000000000000000000000000000000000000000000000000000000000000000000000000000000000000
 000000000000000000000000000000000000000000000000000000000000000000000000000000000000000000000000000000000000000000000000000000000000000000000000000000000000000000000000000000000000
 000000000000000000000000000000000000000000000000000000000000000000000000000000000000000000000000000000000000000000000000000000000000000000000000000000000000000000000000000000000000
 000000000000000000000000000000000000000000000000000000000000000000000000000000000000000000000000000000000000000000000000000000000000000000000000000000000000000000000000000000000000
 000000000000000000000000000000000000000000000000000000000000000000000000000000000000000000000000000000000000000000000000000000000000000000000000000000000000000000000000000000000000
 000000000000000000000000000000000000000000000000000000000000000000000000000000000000000000000000000000000000000000000000000000000000000000000000000000000000000000000000000000000000
 000000000000000000000000000000000000000000000000000000000000000000000000000000000000000000000000000000000000000000000000000000000000000000000000000000000000000000000000000000000000
 000000000000000000000000000000000000000000000000000000000000000000000000000000000000000000000000000000000000000000000000000000000000000000000000000000000000000000000000000000000000
 000000000000000000000000000000000000000000000000000000000000000000000000000000000000000000000000000000000000000000000000000000000000000000000000000000000000000000000000000000000000
 000000000000000000000000000000000000000000000000000000000000000000000000000000000000000000000000000000000000000000000000000000000000000000000000000000000000000000000000000000000000
 000000000000000000000000000000000000000000000000000000000000000000000000000000000000000000000000000000000000000000000000000000000000000000000000000000000000000000000000000000000000
 000000000000000000000000000000000000000000000000000000000000000000000000000000000000000000000000000000000000000000000000000000000000000000000000000000000000000000000000000000000000
 000000000000000000000000000000000000000000000000000000000000000000000000000000000000000000000000000000000000000000000000000000000000000000000000000000000000000000000000000000000000
 000000000000000000000000000000000000000000000000000000000000000000000000000000000000000000000000000000000000000000000000000000000000000000000000000000000000000000000000000000000000
 000000000000000000000000000000000000000000000000000000000000000000000000000000000000000000000000000000000000000000000000000000000000000000000000000000000000000000000000000000000000
