 000000000000000000000000000000000000000000000000000000000000000000000000000000000000000000000000000000000000000000000000000000000000000000000000000000000000000000000000000000000000
 000000000000000000000000000000000000000000000000000000000000000000000000000000000000000000000000000000000000000000000000000000000000000000000000000000000000000000000000000000000000
 000000000000000000000000000000000000000000000000000000000000000000000000000000000000000000000000000000000000000000000000000000000000000000000000000000000000000000000000000000000000
 000000000000000000000000000000000000000000000000000000000000000000000000000000000000000000000000000000000000000000000000000000000000000000000000000000000000000000000000000000000000
 000000000000000000000000000000000000000000000000000000000000000000000000000000000000000000000000000000000000000000000000000000000000000000000000000000000000000000000000000000000000
 000000000000000000000000000000000000000000000000000000000000000000000000000000000000000000000000000000000000000000000000000000000000000000000000000000000000000000000000000000000000
 000000000000000000000000000000000000000000000000000000000000000000000000000000000000000000000000000000000000000000000000000000000000000000000000000000000000000000000000000000000000
 000000000000000000000000000000000000000000000000000000000000000000000000000000000000000000000000000000000000000000000000000000000000000000000000000000000000000000000000000000000000
 000000000000000000000000000000000000000000000000000000000000000000000000000000000000000000000000000000000000000000000000000000000000000000000000000000000000000000000000000000000000
 000000000000000000000000000000000000000000000000000000000000000000000000000000000000000000000000000000000000000000000000000000000000000000000000000000000000000000000000000000000000
 000000000000000000000000000000000000000000000000000000000000000000000000000000000000000000000000000000000000000000000000000000000000000000000000000000000000000000000000000000000000
 000000000000000000000000000000000000000000000000000000000000000000000000000000000000000000000000000000000000000000000000000000000000000000000000000000000000000000000000000000000000
 000000000000000000000000000000000000000000000000000000000000000000000000000000000000000000000000000000000000000000000000000000000000000000000000000000000000000000000000000000000000
 000000000000000000000000000000000000000000000000000000000000000000000000000000000000000000000000000000000000000000000000000000000000000000000000000000000000000000000000000000000000
 000000000000000000000000000000000000000000000000000000000000000000000000000000000000000000000000000000000000000000000000000000000000000000000000000000000000000000000000000000000000
 000000000000000000000000000000000000000000000000000000000000000000000000000000000000000000000000000000000000000000000000000000000000000000000000000000000000000000000000000000000000
 000000000000000000000000000000000000000000000000000000000000000000000000000000000000000000000000000000000000000000000000000000000000000000000000000000000000000000000000000000000000
 000000000000000000000000000000000000000000000000000000000000000000000000000000000000000000000000000000000000000000000000000000000000000000000000000000000000000000000000000000000000
 000000000000000000000000000000000000000000000000000000000000000000000000000000000000000000000000000000000000000000000000000000000000000000000000000000000000000000000000000000000000
 000000000000000000000000000000000000000000000000000000000000000000000000000000000000000000000000000000000000000000000000000000000000000000000000000000000000000000000000000000000000
 000000000000000000000000000000000000000000000000000000000000000000000000000000000000000000000000000000000000000000000000000000000000000000000000000000000000000000000000000000000000
 000000000000000000000000000000000000000000000000000000000000000000000000000000000000000000000000000000000000000000000000000000000000000000000000000000000000000000000000000000000000
 000000000000000000000000000000000000000000000000000000000000000000000000000000000000000000000000000000000000000000000000000000000000000000000000000000000000000000000000000000000000
 000000000000000000000000000000000000000000000000000000000000000000000000000000000000000000000000000000000000000000000000000000000000000000000000000000000000000000000000000000000000
 000000000000000000000000000000000000000000000000000000000000000000000000000000000000000000000000000000000000000000000000000000000000000000000000000000000000000000000000000000000000
 000000000000000000000000000000000000000000000000000000000000000000000000000000000000000000000000000000000000000000000000000000000000000000000000000000000000000000000000000000000000
 000000000000000000000000000000000000000000000000000000000000000000000000000000000000000000000000000000000000000000000000000000000000000000000000000000000000000000000000000000000000
 000000000000000000000000000000000000000000000000000000000000000000000000000000000000000000000000000000000000000000000000000000000000000000000000000000000000000000000000000000000000
 000000000000000000000000000000000000000000000000000000000000000000000000000000000000000000000000000000000000000000000000000000000000000000000000000000000000000000000000000000000000
 000000000000000000000000000000000000000000000000000000000000000000000000000000000000000000000000000000000000000000000000000000000000000000000000000000000000000000000000000000000000
 000000000000000000000000000000000000000000000000000000000000000000000000000000000000000000000000000000000000000000000000000000000000000000000000000000000000000000000000000000000000
 000000000000000000000000000000000000000000000000000000000000000000000000000000000000000000000000000000000000000000000000000000000000000000000000000000000000000000000000000000000000
 000000000000000000000000000000000000000000000000000000000000000000000000000000000000000000000000000000000000000000000000000000000000000000000000000000000000000000000000000000000000
 000000000000000000000000000000000000000000000000000000000000000000000000000000000000000000000000000000000000000000000000000000000000000000000000000000000000000000000000000000000000
 000000000000000000000000000000000000000000000000000000000000000000000000000000000000000000000000000000000000000000000000000000000000000000000000000000000000000000000000000000000000
 000000000000000000000000000000000000000000000000000000000000000000000000000000000000000000000000000000000000000000000000000000000000000000000000000000000000000000000000000000000000
 000000000000000000000000000000000000000000000000000000000000000000000000000000000000000000000000000000000000000000000000000000000000000000000000000000000000000000000000000000000000
 000000000000000000000000000000000000000000000000000000000000000000000000000000000000000000000000000000000000000000000000000000000000000000000000000000000000000000000000000000000000
 000000000000000000000000000000000000000000000000000000000000000000000000000000000000000000000000000000000000000000000000000000000000000000000000000000000000000000000000000000000000
 000000000000000000000000000000000000000000000000000000000000000000000000000000000000000000000000000000000000000000000000000000000000000000000000000000000000000000000000000000000000
 000000000000000000000000000000000000000000000000000000000000000000000000000000000000000000000000000000000000000000000000000000000000000000000000000000000000000000000000000000000000
 000000000000000000000000000000000000000000000000000000000000000000000000000000000000000000000000000000000000000000000000000000000000000000000000000000000000000000000000000000000000
 000000000000000000000000000000000000000000000000000000000000000000000000000000000000000000000000000000000000000000000000000000000000000000000000000000000000000000000000000000000000
 000000000000000000000000000000000000000000000000000000000000000000000000000000000000000000000000000000000000000000000000000000000000000000000000000000000000000000000000000000000000
 000000000000000000000000000000000000000000000000000000000000000000000000000000000000000000000000000000000000000000000000000000000000000000000000000000000000000000000000000000000000
 000000000000000000000000000000000000000000000000000000000000000000000000000000000000000000000000000000000000000000000000000000000000000000000000000000000000000000000000000000000000
 000000000000000000000000000000000000000000000000000000000000000000000000000000000000000000000000000000000000000000000000000000000000000000000000000000000000000000000000000000000000
 000000000000000000000000000000000000000000000000000000000000000000000000000000000000000000000000000000000000000000000000000000000000000000000000000000000000000000000000000000000000
 000000000000000000000000000000000000000000000000000000000000000000000000000000000000000000000000000000000000000000000000000000000000000000000000000000000000000000000000000000000000
 000000000000000000000000000000000000000000000000000000000000000000000000000000000000000000000000000000000000000000000000000000000000000000000000000000000000000000000000000000000000
 000000000000000000000000000000000000000000000000000000000000000000000000000000000000000000000000000000000000000000000000000000000000000000000000000000000000000000000000000000000000
 000000000000000000000000000000000000000000000000000000000000000000000000000000000000000000000000000000000000000000000000000000000000000000000000000000000000000000000000000000000000
 000000000000000000000000000000000000000000000000000000000000000000000000000000000000000000000000000000000000000000000000000000000000000000000000000000000000000000000000000000000000
 000000000000000000000000000000000000000000000000000000000000000000000000000000000000000000000000000000000000000000000000000000000000000000000000000000000000000000000000000000000000
 000000000000000000000000000000000000000000000000000000000000000000000000000000000000000000000000000000000000000000000000000000000000000000000000000000000000000000000000000000000000
 000000000000000000000000000000000000000000000000000000000000000000000000000000000000000000000000000000000000000000000000000000000000000000000000000000000000000000000000000000000000
 000000000000000000000000000000000000000000000000000000000000000000000000000000000000000000000000000000000000000000000000000000000000000000000000000000000000000000000000000000000000
 000000000000000000000000000000000000000000000000000000000000000000000000000000000000000000000000000000000000000000000000000000000000000000000000000000000000000000000000000000000000
 000000000000000000000000000000000000000000000000000000000000000000000000000000000000000000000000000000000000000000000000000000000000000000000000000000000000000000000000000000000000
 000000000000000000000000000000000000000000000000000000000000000000000000000000000000000000000000000000000000000000000000000000000000000000000000000000000000000000000000000000000000
 000000000000000000000000000000000000000000000000000000000000000000000000000000000000000000000000000000000000000000000000000000000000000000000000000000000000000000000000000000000000
 000000000000000000000000000000000000000000000000000011110000000000000000000000000000000000000000000000000000000000000000000000000000000000000000000000000000000000000000000000000000
 000000000000000000000000000000000000000001111001010100001111100000101100000000000000005555050000000000000000000000000000000000000000000000000000000000000000000000000000000000000000
 000000000000000000000000000000000000000000110000000000000000101111010010110000000000000000000000000000000000000000000000000000000000000000000000011111000000000111011111111011110001
 000000000000000000000000000000000000000000011100000000000000001000000000011110000000000000000000000000000000000000000010000000000000000011111111111101111000000110000000001101000110
 000000000000000000000000000000000000000000011100000000000000000000000000000001100000000000000000000000000000000000111101110000000000001111100011100001111000011111000000000000001010
 000000000000000000000000000000000000000000110100000000000000000000000000010011111101000000000000000000000000111011100100011000000000001101111100000011110000011000000000000000110000
 000000000000000000000000000000000000000001100000000000000000000000000110111100000000100000000000001000000001100110111100110000000011100000111000001111001100011000000000000001100000
 000000000000000000000000000000000000000011100000000000000000000001110111010000000000101001001100011111100001100000010111000000000100111000111000111101111100010000011011010111000000
 000000000000000000000000000000000000000111000000000000000000000110111000000000000000111100000111000011011100110000000111000000000111101100100000000000110110001100111110001000000000
 000000000000000000000000000000000000011100000000000000000001011100111000000000000000000000011111111010001100011000000111000000000000111000000000000000001110000100001110000000000000
 000000000000000000000000000000000000011000000000000000000011100011100000000000000000000000000000000000000110011000000001100000000000000001110000000000011110000110111000000000000000
 000000000000000000000000000000000000010011000000000000000110000110000000000000000000000000000000000000000010011110000001100000000000000000011100011100000100000111111000000000000001
 000000000000000000000000000000000000000000001000000001000110000111111110000101100000000000000000000000000001110000000000011000000000000000000010001111110000111100110110000000000000
 000000000000000000000000000000000000000000000100001111111100000000011111111011110000000000000000000000000000000000000000011000000000000000000011111100000011111100000001100000000000
 000000000000000000000000000000000000000000000010010000000000000000111100000000000000000000000000000000000000000000000000111000000000000000000000000000000011000000000001100000000000
 000000000000000000000000000000000000000000000000000000000000000000111000000000000000001000000000000000000000000000000000001110000000000000000000000000000110010000000001100000000000
 000000000000000000000000000010000000000000000000000000000000000000000111111101010111111101011000000000000000000000000000000010111100000001100000000000000011110000000000110000000000
 000000000000000000000000000111000000000000000000000000000000000000000000000000011111111100111110000000000000000000000000000000010011110000000000000000000011000000000000011111000000
 000000000000000011111100001111110000000000000000000000000000000000000011110101000000000010010000000000000000000000000000000000000000011110000000000000000011000000000000011111000000
 000000000000111111001111000100011000000011100001111111100000000000000011000000000000000000000000000000000000000000000000000000101111111110000000000111100001111000000000101100000000
 001110001111110111101010100000000010000111110001000000011100000000000000110000000000000000000000000000000000000001100000000001111000011100000000001101111011011111100101001111110100
 101111111001111111100000000000000000011100011110000000000001111110000000001101001011101000000000000000000000000011110000000001011111000000000000001001001010011000111010000000111111
 000000000000000111000000000000000000000000000000000000000000000000110000000000000000011100000000000000000010011110010110100000111001110000010011110000000011100000111100000000001100
 000000000000000000000000000000000000000000000000000000000000000000010101110111111100011000000000000000010111110111101101111111100111110001111001111100000000111100111110000000000100
 000000000000000000000000000000000000000000000000000000000000000000000000001000000101001111000110111011110011010011011110111000000001100000000000000011110101100000000111000000010110
 000000000000000000000000000000000000000000000000000000000000000000000000000000001011000000000000000000000100111111110111111000000000000000000000011110111110000000011000000000001111
 000000000000000000000000000000000000000000000000000000000000000000000000000000111000000000000000000000000011111111100000011101100000000000000000011111001111001111100000000000000001
 000000000000000000000000000000000000000000000000000000000000000000000000000011111110000000001001110001000001110000000000000110011110100011111110011100110001011010000000000000000000
 000000000000000000000000000000000000000000000000000000000000000000000000000000000001001101101011010001111111110000000000000000000011110101000001111101110010011100000000000000000000
