 000000000000000000000000000000000000000000000000011000010111110010000000000000000000000000000000000000000000000000000110000000000000001000011100000011000000000000000000000000000000
 000000000000000000000000000000000000000000000000110000000100011001000000000000000000000000000000000000000000000000011000000000000000011001100000000000110000000000000000000000000000
 000000000000000000000000000000000011010000000000010000000000100101000000000000000000000000000000000000000000000000100000000000000000001010000000000000001111000000000000000000000000
 000000000000000000000000000000001100000100000000111000000000111000100000000000000000000000000000000000000000000000100000000000000000000000000000000000000001110000000000000000000000
 000000000000000000000000000010111000000011000000000110000000001100011100000000000000000000000000000000000000000000100000000000000000000000000000000000000000111000000000000000000000
 000000000000000110110000000111000000000001000000000001100000000110101000000000000000000000000000000000000000000000100000000000000000000000000000000000000000001100000000000000000000
 000000000000111111011110001100000000000001000000000010100000000001110010000000000000000000000000000000000000000010000000000000000000000000000000000000000000000110000000000000000000
 000000000000100000000010111000000000000000100000000000110000000000101110001000000000000000000000000000000000000100000000000000000000000000000000000000000000000001110000000000000000
 000000000001100000000000000000000000010010110000000000010000000000010111001000000000000000000000000000000000000100000000000000000000000000000000000000000000000000001010000000000000
 000000000001100000000000000000000001111000001100000000011000000000000001011100000000000000000000000000000000011100000000000000000000000000000000000000000000000000000101000000000000
 000000000000100000000000000000000010001000001111000000001100000000000000011100000000000000000000000000000000011000000000000000000000000000000000000000000000000000000011000000000000
 000000000000100000000000000000000010011000000011000000000111000000000000000000000000000000000000000000000000000110000000000000000000010000011000000000000000000000000011000000000000
 000000000000000000000000000000000011010000000000100000000001111110000000000011100000000000000000000000000000000010000000000000000111101110101000000000000000000000000000000000000000
 000000001011000000000000000000000001110000000000111000000000000110000000000000100000000000000000000000000000000010000000000000011100000000000111100000000000000000000010000000000000
 000000001000000000000000000000000001100000000000001111010000000111000000000001100000000000000000000000000000000000110000000001000000000000000000111100000000000000001100000000000000
 000011110000000000000000000000000001110000000000000000111000000000111000000001100000000000000000000110000000000010111101101111000000000000000000010111110001111100111000000000000000
 000100000000000000000000000000001111001000000000000000011000000000011100000001000000000001000001010111011000011100111011100000000000000000000000000010011111101011000000000000000000
 011100000000000000000000000000001000001100000000000000000101000000011101100001000000000000110011101000001011011100011101000000000000000000000000000000000010000111000000000000000000
 110000000000000000000000000000000100001100000000000000000001000000011010110001000000000000111111000000001110011100101000000000000000000000000000000000000000000000000000000000000000
 110000000000000110000000000000000100000000000000000000000001111101100000110000000000000000101111000000111110000000000000000000000000000000000000000000000000000000000000000000000000
 000000000010100111000000000000000110001000000000000000000000000101100000110000101000000000110101000011001000000000000000000000000000000000000000000000000000000000000000000000000000
 000000000111110000000000000000000110001000000000000000000000000101110000000000111000000000011000000000001001100000000000000000000000000000000000000000000000000000000000000000000000
 000000000011110000000000000000000100101000000000000000000000000100001000000000010101000000011000000000001111000000000000000000000000000000000000000000000000000000000000000000000000
 000001100000000000000000000000000111111000000000000000000000000010001000000000000110100000111100000000011111000000000000000000000000000000000000000000000000000000000000000000000000
 100001100000000000000000000000000011100000000000000000000000000011111000000000000001100001111110000000000101100000000000000000000000000000000000000000000000000000000000000000000000
 000000000000000000000000000000000000000000000000000000000000000111100000000000000011100000001101100000011111000000000000000000000000000000000000000000000000000000000000000000000000
 000000000000000000000000000000000000000000000000000000000000000101100000000000000010101101100111100000011111100000000000000000000000000000000000000000000000000000000000000000000000
 000000000000000000000000000000000000000000000000001111111111111111000000000000000111011011111011111000001111110000000000000000000000000000000000000000000000000000000000000000000000
 000000000000000000000000000000000000000000000000011000110000111110000000000000000001110001011111100100000011100000000000000000000000000000000000000000000000000000000000000000000000
 000000000000000000000000000000000000000000000000011101000000100000000000000000000001011001111101110010001011110000000000000000000000000000000000000000000000000000000000000000000000
 000000000000000000000000000000000000010100000000000011001001100000000000000000000000001100111100000000000000101000000000000001000000000000000000000000000000000000000000000000000000
 000000000000000000000000011000000001001110010000000000110100110000000000000000000000001010010000000001000000011101000001000001010000000000000000000000000000000000000000000000000000
 000000000001111101110011101111111010000001111000000000000110110000000000000000000000001111111000000001000000101011100000111111010000000000110001110000000000000000000000000000000000
 000011111101100000011101000000000000000001010000000000000011100000000000000000000000000001111000010000000000011010111001101001101000000011111010100000000000000000000000000000000000
 001100000000000000000000000000000000000001110000000000000000000000000000000000000000000000000000000000000000000110000100101000001110000110000001000000000000000000000000000000000000
 110000000000000000000000000000000000000001000000000000000000000000000000000000000000000000001000000000000000000110000111100000000011111100000001000000000000000000000000000000000000
 000000000000000000000000000000000000000000110000000000000110000000000000000000000000000000000000000000000000000100000000000000000000000000000001000000000000000000000000000000000000
 000000000000000000000000000000000000000000110000000000000000000000000000000000000000000000000011100000000000000000000000000000000000000000000001000000000000000000000000000000000000
 000000000000000000000000000000000000000001001000000000000000000000000000000000000000000000000011111011100000000000000000000000000001101111000001100000000000000000000000000000000000
 000000000000000000000000000000000000000100111000000000000000000000000000000000000000000000000011111101111100000000000000000000000111100100000001000000000000000000000000000000000000
 000000000000000000000000000000000000000011010000000000000000000000000000000000000000000000000000000101000000000000000000000000000110011100000001000000000000000000000000000000000000
 000000000000000000000000000000000000000001100100000000000000000000000000000000000000000000000000000000000000000000000000000000000111110000000001000000000000000000000000000000000000
 000000000000000000000000000000000000000111000000000000000000000000000000000000000000000000000000000000000000000000000000000000000000000000000011000000000000000000000000000000000000
 000000000000000000000000000000000000000110000000000000000000000000000000000000000000000000000000000000000000000000000000000000000000000000000010000000000000000000000000000000000000
 000000000000000000000000000000000000000011111000000000000000000000000000000000000000000000000000000000000000000000000000000000000000000000000110000000000000000000000000000000000000
 000000000000000000000000000000000000000011111000000000000000000000000000000000000000000000000000000000000000000000000000000000000000000000000100000000000000000000000000000000000000
 000000000000000000000000000000000000000000111000000000000000000000000000000000000000000000000000000000000000000000000000000000000000000000001100000000000000000000000000000000000000
 000000000000000000000000000000000000000000001010000000000000000000000000000000000000000000000000000000000000000000000000000000000000000000001100000000000000000000000000000000000000
 000000000000000000000000000000000000000000010000111101110000000000000000000000000000111110100000000000000000000000000000000000000000000000001100000000000000000000000000000000000000
 000000000000000000000000000000000000000000010000000100111110000000000000000000000011010000111000000000000000000000000000000000000000000000010000000000000000000000000000000000000000
 000000000000000000000000000000000000000000000000000000000011100000000000000000001100000000011000000000000000000000000000000000000000000000011000000000000000000000000000000000000000
 000000000000000000000000000000000000000000000000000000000000010000000000000000011100000001101101111000000000000000000000000000000000000000010000000000000000000000000000000000000000
 000000000000000000000000000000000000000000000000000000000000010000000000000000010000000001010011110110000000000000000000000000000000000000110000000000000000000000000000000000000000
 000000000000000000000000000000000000000000000000000000000000001000000000000000011000000000110000000011011100000000000000000011010000000001100000000000000000000000000000000000000000
 000000000000000000000000000000000000000000000000000000000000001110000000000000001000000000110000000000000111110000000000110111010100000011000000000000000000000000000000000000000000
 000000000000000000000000000000000000000000000000000000000000010011111100000000001000000000110000000000000000010111100001010000000111111110000000000000000000000000000000000000000000
 000000000000000000000000000000000000000000000000000000000000000000000111100000001000000000001000000000000000000000110000000000000000000000000000000000000000000000000000000000000000
 000000000000000000000000000000000000000000000000000000000000000000000100011000010000000000000111000000000000000111111011000000000000000000000000000000000000000000000000000000000000
 000000000000000000000000000000000000000000000000000000000000000000000110001101111000000000011000000000000000000100011111110000000000000000000000000000000000000000000000000000000000
 000000000000000000000000000000000000000000000000000000000000000000001111000111000000000000000000000000000000000000010111111000000000000000000000000000000000000000000000000000000000
 000000000000000000000000000000000000000000000000000000000000000000001101000111100000000000000000000000000000000000000010111100001111000000001000000000000000000000000000000000000000
 000000000000000000000000000000000000000000000000000000000000000000000000100100000000000000000000000000000000000000000000000000000111000000011000000000000000000000000000000000000000
 000000000000000000000000000000000000000000000000000000000000000000000000100010000000000000000000000000000000000000000000000000000010000000010000000000000000000000000000000000000000
 000000000000000000000000000000000000000000000000000000000000000000000110110100101000000000000000000000000000000000000000000000000011110000110000000000000000000000000000000000000000
 000000000000000000000000000000000000000000000000000000000000000000011011000111111000000000000000000000000000000000000000000000000011100000010000000000000000000000000000000000000000
 000000000000000000000000000000000000000000000000000000000000000000000010011001010100000000000000000000000000000000000000000000000011110000110000000000000000000000000000000000000000
 000000000000000000000000000000000000000000000000000000000000000000000010110100010000000000000000000000000000000000000000000000000001111000110100000000000000000000000000000000000000
 000000000000000000000000000000000000000000000000000000000000000000000000011000000000000000000000000000000000000000000000000000000000111111111100000000000000000000000000000000000000
 000000000000000000000000000000000000000000000000000000000000000000000000011100000000000000000000000000000000000000000000000000000000011111000100000000000000000000000000000000000000
 000000000000000000000000000000000000000000000000000000000000000000000000000000000000000000000000000000000000000000000000000000000000011000000110000000000000000000000000000000000000
 000000000000000000000000000000000000000000000000000000000000000000000000000000000000000000000000000000000000000000000000000000000000001100000010000000000000000000000000000000000000
 000000000000000000000000000000000000000000000000000000000000000000000000000000000000000000000000000000000000000000000000000000000000001100000001000000000000000000000000000000000000
 000000000000000000000000000000000000000000000000000000000000000000000000000000000000000000000000000000000000000000000000000000000000000100000000100000000000000000000000000000000000
 000000000000000000000000000000000000000000000000000000000000000000000000000000000000000000000000000000000000000000000000000000000000000110000000100000000000000000000000000000000000
 000000000000000000000000000000000000000000000000000000000000000000000000000000000000000000000000000000000000000000000000000000000000000010000000010000000000000000000000000000000000
 000000000000000000000000000000000000000000000000000000000000000000000000000000000000000000000000000000000000000000000000000000000000000011000000011100000000000000000000000000000000
 000000000000000000000000000000000000000000000000000000000000000000000000000000000000000000000000000000000000000000000000000000000000000001000000001100000000000000000000000000000000
 000000000000000000000000000000000000000000000000000000000000000000000000000000000000000000000000000000000000000000000000000000000000000000100000000110000000000000000000000000000000
 000000000000000000000000000000000000000000000000000000000000000000000000000000000000000000000000000000000000000000000000000000000000000000110000000010000000000000000000000000000000
 000000000000000000000000000000000000000000000000000000000000000000000000000000000000000000000000000000000000000000000000000000000000000000110000000011000000000000000000000000000000
 000000000000000000000000000000000000000000000000000000000000000000000000000000000000000000000000000000000000000000000000000000000000000000011000000011000000000000000000000000000000
 000000000000000000000000000000000000000000000000000000000000000000000000000000000000000000000000000000000000000000000000000000000000000000001000000001000000000000000000000000000000
 000000000000000000000000000000000000000000000000000000000000000000000000000000000000000000000000000000000000000000000000000000000000000000001100000001100000000000000000000000000000
 000000000000000000000000000000000000000000000000000000000000000000000000000000000000000000000000000000000000000000000000000000000000000000000110000000011100000000000000000000000000
 000000000000000000000000000000000000000000000000000000000000000000000000000000000000000000000000000000000000000000000000000000000000000000000100000000001101000000000000000000000000
 000000000000000000000000000000000000000000000000000000000000000000000000000000000000000000000000000000000000000000000000000000000000000000000110000000000110000000000000000000000000
 000000000000000000000000000000000000000000000000000000000000000000000000000000000000000000000000000000000000000000000000000000000000000000000110000000000011000000000000000000000000
 000000000000000000000000000000000000000000000000000000000000000000000000000000000000000000000000000000000000000000000000000000000000000000000010000000000011000000000000000000000000
 000000000000000000000000000000000000000000000000000000000000000000000000000000000000000000000000000000000000000000000000000000000000000000000011000000000001000000000000000000000000
 000000000000000000000000000000000000000000000000000000000000000000000000000000000000000000000000000000000000000000000000000000000000000000000011110000000000110000000000000000000000
