 000000000000000000000000000000000000000000000000000000000011111100000000000000000000000000000000000000000000000000000000000000000000000000000000000000000000000000011000000000010001
 000000000000000000000000000000000000000000000000000000001110111000000000000000000000000000000000000000000000000000000000000000011111100000000000000000000000000000001100000000011110
 000000000000000000000000000000000000000000000000000000111000000000000000000000000000000000000000000000000000000000000000000000000111011100000000000000000000000000001100000000000011
 000000000000000000000000000000000000000000000000000001110000000000000000000000000000000000000000000000000000000000000000000000000001100111111000000010000000000001111000001000000110
 000000000000000000000000000000000000000000000000000011101100000000000000000000000000000000000000000000000000000000000000000000000000111000000111101100000000000111100001101111101100
 000000000000000000000000000000000000000000000000000110111100000000000000000000000000000000100000000000000000000000000000000000000000000011100000000001111011011100001110000001011000
 000000000000000000000000000000000000000000000000011111000000000000000000000000000000001011111111111000000000000000000000000000000000000001110000000000000000000001100000000000011100
 000000000000000000000000000000000000000000000001111100000000000000000000000000000000000111000000001111000000000000000000000000000000000011100000000000000000000110000000000000000000
 000000000000000000000000000000000000000000000000011100000000000000000000000000000000111100000000000001100000000000000000000000000000000011100000000000000000001110000000000000000000
 000000000000000000000000000000000000000000000001111000000000000000000000000000000000011000000000001101100000000000000000000000000000000001110011000111100000000110100000000000000000
 000000000000000000000000000000000000000000001011100000000000000000000000000000000001110000000000001111100000000000000000000000000000000001110000001100111010000001110000000000000000
 000000000000000000000000000000000000000000000110000000000000000000000000000000000010110000000000011000000000000000000000000000000000000000110000001100011001111101110000000000000000
 000000000000000000000000000000000000000001111110000000000000000000000000000000000000010000000001110000000000000000000000000000000000000000111111000011111000000000000000000000000000
 000000000000000000000000000000000000000010100110000000000000000000000000000000000101100000000011000000000000000000000000000000000000000000000001100000001000000000000000000000000000
 000000000000000000000000000000000010000111011110000000000000000000000000000001000111000000011101000000000000000000000000000000000000000000000000111111111000000000000000000000000000
 000000000000000000000000000000000111111110111000000000000000000000000000000110111100000000111000000000000000000000000000000000000000000000000000000001100000000000000000000000000000
 000000000000000000000000000000011111111111101000000000000000000000000000001011100000000001101000000000000000000000000000000000000000000000000000000000000000000000000000000000000000
 000000000000000000000000000001101111000000000000000000000000000000000011111000000000001100000000000000000000000000000000000000000000000000000000000000000000000000000000000000000000
 000000000000000000000000000011111110000000000000000000000000000000000111110000000000111000000000000000000000000000000000000000000000000000000000000000000000000000000000000000000000
 000000000000000000000000011111111110000000000000000000000000000000000111000000000000110000000000000000000000000000000000000000000000000000000000000000000000000000000000000000000000
 000000000000000000000010111111000000000000000000000000000000000000000110000000000000011000000000000000000000000000000000000000000000000000000000000000000000000000000000000000000000
 000000000000000000001111111111000000000000000000000000000000000000000110000000000000010000000000000000000000000000000000000000000000000000000000000000000000000000000000000000000000
 000000000000000000011111111100000000000000000000000000000000000000001100000000000000011000000000000000000000000000000000000000000000000000000000000000000000000000000000000000000000
 000000000000000000001101000101100000000000000000000000000000000000001100000000000000001100000000000000000000000000000000000000000000000000000000000000000000000000000000000000000000
 000000000000000000001110001111100000000000000000000000000000000000011000000000000000001000000000000000000000000000000000000000000000000000000000000000000000000000000000000000000000
 000000000000000000001111111111100000000000000000000000000000000000001000000000000000011000000000000000000000000000000000000000000000000000000000000000000000000000000000000000000000
 000000000000000000001111000111000000000000000000000000000000000000001100000000000000011000000000000000000000000001100000000000000000000000000000000000000000000000000000000000000000
 000000000000000000001111000010000000000000000000000000000000000000001111100000000000011110000000000000000101101011110000000000000000000000000000000000000000000000000000000000000000
 000000000000000000001111111110000000000000000000000000000000000000000000110000011000000111111000000111111110010000110000000000000000000000000000000000000000000000000000000000000000
 000000000000000000000101111100000000000000000000000000000000000000000000000100011000001111111100011110000000000000001111000000000000000000000000000000000000000000000000000000000000
 000000000000000000000111110000000000000011110000000000000000000000000000000100000000000000001111000000000000000010111100110000000000000000000000000000000000000000000000000000000000
 000000000000000000001111110000000000000001100000000000000000000000000000001100000000000000000000000011111110000011000000000000000000000000000000000000000000000000000000000000000000
 000000000000000000000111110000000000000001100000000000000000000000000000111000000000000000000001110110000111001010000000000000000000000000000000000000000000000000000000000000000000
 000000000000000000000001110000000000001011011000000000000000000000000000111000000000000000100010100000000000000000000000000000000000000000000000000000000000000000000000000000000000
 000000000000000000000010110000000000011100001000000000000000000000001011000000000000000001110010000000000000000000000000000000000000000000000000000000000000000000000000000000000000
 000000000000000000000011100000000000100000001110000000000000000000011100000000000000000001111110100000000000000000000000000000000000000000000000000000000000000000000000000000000000
 000000000000000000000001111100001011000000000110000000000000000000100000000000000000000111011000110000000000000000000000000000000000000000000000000000000000000000000000000000000000
 000000000000000000000000001111111100000000000011000000000000000001110000000000000000000011000000010000000000000000000000000000000000000000000000000000000000000000000000000000000000
 000000000000000000000000000000000000000000000001000000000000000000100000001100000000000000000000010000000000000000000000000000000000000000000000000000000000000000000000000000000000
 000000000000000000000000000000000000000110000001100000000000000001100000101100000000001010110000010000000000000000000000000000000000000000000000000000000000000000000000000000000000
 000000000000000000000000000000000000001001100001100000000000000001100000101100000000001000011000011000000000000000000000000000000000000000000000000000000000000000000000000000000000
 000000000000000000000000000000000011111111000000110000000000000001110000110000000000010000000100110000000000000000000000000000000000000000000000000000000000000000000000000000000000
 000000000000000000000000000000000111111011000000011100000000000001110000010000000000110000000011000000000000000000000000000000000000000000000000000000000000000000000000000000000000
 000000000000000000000000000000001111111011100000001110000000000011110000000000000001100000000000000000000000000000000000000000000000000000000000000000000000000000000000000000000000
 000000000000000000000000000000001000000011010000000100000000101111100000000000000000100000000000000000000000000000000000000000000000000000000000000000000000000000000000000000000000
 000000000000000000000000000000001000000011010000011100000111111110000000000000000000100000000000000000000000000000000000000000000000000000000000000000000000000000000000000000000000
 000000000000000000000000000000000000000110001110111100001100000000000000000000000000100000000000000000000000000000000000000000000000000000000000000000000000000000000000000000000000
 000000000000000000000000000000001100001111001001111111001100000000000000000000000000110000000000000000000000000000000000000000000000000000000000000000000000000000000000000000000000
 000000000000000000000000000000000111001101111010110111111100000000000000000000000000010000000000000000000000000000000000000000000000000000000000000000000000000000000000000000000000
 000000000000000000000000000000000010001111011111110000000011100000000000000000000000100000000000000000000000000000000000000000000000000000000000000000000000000000000000000000000000
 000000000000000000000000000000000010001100001111110000000001000000000010100000001101110000000000000000000000000000000000000000000000000000000000000000000000000000000000000000000000
 000000000000000000000000000000000011000110001101000001000000000000110000011000011100000000000000000000000000000000000000000000000000000000000000000000000000000000000000000000000000
 000000000000000000000000000000000011100111111000011001100000000011000000001111110000000000000000000000000000000000000000000000000000000000000000000000000000000000000000000000000000
 000000000000000000000000000000000001100000011011100001100001011000000000000001000000000000000000000000000000000000000000000000000000000000000000000000000000000000000000000000000000
 000000000000000000000000000000000011110000010110000000111011000000000000000000000000000000000000000000000000000000000000000000000000000000000000000000000000000000000000000000000000
 100000000000000000000000000011111110001100000000000000001110000000000000000000000000000000000000000000000000000000000000000000000000000000000000000000000000000000000000000000000000
 110000000000000000000011110111001110001000000000000000000000000000000000000000000000000000000000000000000000000000000000000000000000000000000000000000000000000000000000000000000000
 110000000000000000010110000010000000000000000000000000000000000000000000000000000000000000000000000000000000000000000000000000000000000000000000000000000000000000000000000000000000
 111110000000000000111010000000000000000000000000000000000000000000000000000000000000000000000000000000000000000000000000000000000000000000000000000000000000000000000000000000000000
 100000100000000000001111000000000000000000000000000000000000000000000000000000000000000000000000000000000000000000000000000000000000000000000000000000000000000000000000000000000000
 000000010000000000011010000000000000000000000000000000000000000000000000000000000000000000000000000000000000000000000000000000000000000000000000000000000000000000000000000000000000
 000011100000000011000000000000000000000000000000000000000000000000000000000000000000000000000000000000000000000000000000000000000000000000000000000000000000000000000000000000000000
 000111000000000011000000000000000000000000000000000000000000000000000000000000000000000000000000000000000000000000000000000000000000000000000000000000000000000000000000000000000000
 001100000000011111100000000000000000000000000000000000000000000000000000000000000000000000000000000000000000000000000000000000000000000000000000000000000000000000000000000000000000
 011001000000110111000000000000000000000000000000000000000000000000000000000000000000000000000000000000000000000000000000000000000000000000000000000000000000000000000000000000000000
 000101001111000001000000000000000000000000000000000000000000000000000000000000000000000000000000000000000000000000000000000000000000000000000000000000000000000000000000000000000000
 110100110000000000000000000000000000000000000000000000000000000000000000000000000000000000000000000000000000000000000000000000000000000000000000000000000000000000000000000000000000
 000000110000000000000000000000000000000000000000000000000000000000000000000000000000000000000000000000000000000000000000000000000000000000000000000000000000000000000000000000000000
 000000100000000000000000000000000000000000000000000000000000000000000000000000000000000000000000000000000000000000000000000000000000000000000000000000000000000000000000000000000000
 000001110000000000000000000000000000000000000000000000000000000000000000000000000000000000000000000000000000000000000000000000000000000000000000000000000000000000000000000000000000
 011110000000000000000000000000000000000000000000000000000000000000000000000000000000000000000000000000000000000000000000000000000000000000000000000000000000000000000000000000000000
 110000000000000000000000000000000000000000000000000000000000000000000000000000000000000000000000000000000000000000000000000000000000000000000000000000000000000000000000000000000000
 111000000000000000000000000000000000000000000000000000000000000000000000000000000000000000000000000000000000000000000000000000000000000000000000000000000000000000000000000000000000
 000000000000000000000000000000000000000000000000000000000000000000000000000000000000000000000000000000000000000000000000000000000000000000000000000000000000000000000000000000000000
 000000000000000000000000000000000000000000000000000000000000000000000000000000000000000000000000000000000000000000000000000000000000000000000000000000000000000000000000000000000000
 000000000000000000000000000000000000000000000000000000000000000000000000000000000000000000000000000000000000000000000000000000000000000000000000000000000000000000000000000000000000
 000000000000000000000000000000000000000000000000000000000000000000000000000000000000000000000000000000000000000000000000000000000000000000000000000000000000000000000000000000000000
 000000000000000000000000000000000000000000000000000000000000000000000000000000000000000000000000000000000000000000000000000000000000000000000000000000000000000000000000000000000000
 000000000000000000000000000000000000000000000000000000000000000000000000000000000000000000000000000000000000000000000000000000000000000000000000000000000000000000000000000000000000
 000000000000000000000000000000000000000000000000000000000000000000000000000000000000000000000000000000000000000000000000000000000000000000000000000000000000000000000000000000000000
 000000000000000000000000000000000000000000000000000000000000000000000000000000000000000000000000000000000000000000000000000000000000000000000000000000010000100000000000000000000000
 000000000000000000000000000000000000000000000000000000000000000000000000000000000000000000000000000000000000000000000000000000000000000000000000000000101111110000000000000000000000
 000000000000000000000000000000000000000000000000000000000000000000000000000000000000000000000000000000000000000000000000001001110000000000000000100111000111000000000000000000000000
 000000000000000000000000000000000000000000000000000000000000000000000000000000000000000000000000000000000000000000000000001111111100000000000011110000011010000000000000000000000000
 000000000000000000000000000000000000000000000000000000000000000000000000000000000000000000000000000000000000000000000000001100011100100000011110000000011100000000000000000000000000
 000000000000000000000000000000000000000000000000000000000000000000000000000000000000000000000000000000000000000000000000011000001111110000010000000000011000000000000000000000000000
 000000000000000000000000000000000000000000000000000001001100000000000000000000000000000000000000000000000000000000000000110000000000011100000000000000011000000000000000000000000000
 000000000000000000000000000000000000000000000000101111111101000000000000000000000000000000000000000000000000000000000110000000000011110000001000000000110000000000000000000000000000
 000000000000000000000000000000000000000000000000010000100110000000000000000000000000000000000000000000000000000000000011000000000010100000000011110111100000000000000000000000000000
 000000000000000000000000000000000000000000000000110000111011000000000000000000000000000000000000000000000000000000000110000000000000111000000001111110000000000000000000000000000000
