 000000000000000000000000000000000000000000000000000000000000000000000000000000000000000000000000000000000000000000000000000000000000000000000000000000000000000000000000000000000000
 000000000000000000000000000000000000000000000000000000000000000000000000000000000000000000000000000000000000000000000000000000000000000000000000000000000000000000000000000000000000
 000000000000000000000000000000000000000000000000000000000000000000000000000000000000000000000000000000000000000000000000000000000000000000000000000000000000000000000000000000000000
 000000000000000000000000000000000000000000000000000000000000000000000000000000000000000000000000000000000000000000000000000000000000000000000000000000000000000000000000000000000000
 000000000000000000000000000000000000000000000000000000000000000000000000000000000000000000000000000000000000000000000000000000000000000000000000000000000000000000000000000000000000
 000000000000000000000000000000000000000000000000000000000000000000000000000000000000000000000000000000000000000000000000000000000000000000000000000000000000000000000000000000000000
 000000000000000000000000000000000000000000000000000000000000000000000000000000000000000000000000000000000000000000000000000000000000000000000000000000000000000000000000000000000000
 000000000000000000000000000000000000000000000000000000000000000000000000000000000000000000000000000000000000000000000000000000000000000000000000000000000000000000000000000000000000
 000000000000000000000000000000000000000000000000000000000000000000000000000000000000000000000000000000000000000000000000000000000000000000000000000000000000000000000000000000000000
 000000000000000000000000000000000000000000000000000000000000000000000000000000000000000000000000000000000000000000000000000000000000000000000000000000000000000000000000000000000000
 000000000000000000000000000000000000000000000000000000000000000000000000000000000000000000000000000000000000000000000000000000000000000000000000000000000000000000000000000000000000
 000000000000000000000000000000000000000000000000000000000000000000000000000000000000000000000000000000000000000000000000000000000000000000000000000000000000000000000000000000000000
 000000000000000000000000000000000000000000000000000000000000000000000000000000000000000000000000000000000000000000000000000000000000000000000000000000000000000000000000000000000000
 000000000000000000000000000000000000000000000000000000000000000000000000000000000000000000000000000000000000000000000000000000000000000000000000000000000000000000000000000000000000
 000000000000000000000000000000000000000000000000000000000000000000000000000000000000000000000000000000000000000000000000000000000000000000000000000000000000000000000000000000000000
 000000000000000000000000000000000000000000000000000000000000000000000000000000000000000000000000000000000000000000000000000000000000000000000000000000000000000000000000000000000000
 000000000000000000000000000000000000000000000000000000000000000000000000000000000000000000000000000000000000000000000000000000000000000000000000000000000000000000000000000000000000
 000000000000000000000000000000000000000000000000000000000000000000000000000000000000000000000000000000000000000000000000000000000000000000000000000000000000000000000000000000000000
 000000000000000000000000000000000000000000000000000000000000000000000000000000000000000000000000000000000000000000000000000000000000000000000000000000000000000000000000000000000000
 000000000000000000000000000000000000000000000000000000000000000000000000000000000000000000000000000000000000000000000000000000000000000000000000000000000000000000000000000000000000
 000000000000000000000000000000000000000000000000000000000000000000000000000000000000000000000000000000000000000000000000000000000000000000000000000000000000000000000000000000000000
 000000000000000000000000000000000000000000000000000000000000000000000000000000000000000000000000000000000000000000000000000000000000000000000000000000000000000000000000000000000000
 000000000000000000000000000000000000000000000000000000000000000000000000000000000000000000000000000000000000000000000000000000000000000000000000000000000000000000000000000000000000
 000000000000000000000000000000000000000000000000000000000000000000000000000000000000000000000000000000000000000000000000000000000000000000000000000000000000000000000000000000000000
 000000000000000000000000000000000000000000000000000000000000000000000000000000000000000000000000000000000000000000000000000000000000000000000000000000000000000000000000000000000000
 000000000000000000000000000000000000000000000000000000000000000000000000000000000000000000000000000000000000000000000000000000000000000000000000000000000000000000000000000000000000
 000000000000000000000000000000000000000000000000000000000000000000000000000000000000000000000000000000000000000000000000000000000000000000000000000000000000000000000000000000000000
 000000000000000000000000000000000000000000000000000000000000000000000000000000000000000000000000000000000000000000000000000000000000000000000000000000000000000000000000000000000000
 000000000000000000000000000000000000000000000000000000000000000000000000000000000000000000000000000000000000000000000000000000000000000000000000000000000000000000000000000000000000
 000000000000000000000000000000000000000000000000000000000000000000000000000000000000000000000000000000000000000000000000000000000000000000000000000000000000000000000000000000000000
 000000000000000000000000000000000000000000000000000000000000000000000000000000000000000000000000000000000000000000000000000000000000000000000000000000000000000000000000000000000000
 000000000000000000000000000000000000000000000000000000000000000000000000000000000000000000000000000000000000000000000000000000000000000000000000000000000000000000000000000000000000
 000000000000000000000000000000000000000000000000000000000000000000000000000000000000000000000000000000000000000000000000000000000000000000000000000000000000000000000000000000000000
 000000000000000000000000000000000000000000000000000000000000000000000000000000000000000000000000000000000000000000000000000000000000000000000000000000000000000000000000000000000000
 000000000000000000000000000000000000000000000000000000000000000000000000000000000000000000000000000000000000000000000000000000000000000000000000000000000000000000000000000000000000
 000000000000000000000000000000000000000000000000000000000000000000000000000000000000000000000000000000000000000000000000000000000000000000000000000000000000000000000000000000000000
 000000000000000000000000000000000000000000000000000000000000000000000000000000000000000000000000000000000000000000000000000000000000000011100000000000000000000000000000000000000000
 000000000000000000000000000000000000000000000000000000000000000000000000000000000000000000000000000000000000000000000000000000000000000000000000000000000000000000000000000000000000
 000000000000000000000000000000000000000000000000000000000000000000000000000000000000000000000000000000000000000000000000000000000000000000000000000000000000000000000000000000000000
 000000000000000000000000000000000000000000000000000000000000000000000000000000000000000000000000000000000000000000000000000000000000000000000000000000000000000000000000000000000000
 000000000000000000000000000000000000000000000000000000000000000000000000000000000000000000000000000000000000000000000000000000000000000000000000000000000000000000000000000000000000
 000000000000000000000000000000000000000000000000000000000000000000000000000000000000000000000000000000000000000000000000000000000000000000000000000000000000000000000000000000000000
 000000000000000000000000000000000000000000000000000000000000000000000000000000000000000000000000000000000000000000000000000000000000000000000000000000000000000000000000000000000000
 000000000000000000000000000000000000000000000000000000000000000000000000000000000000000000000000000000000000000000000000000000000000000000000000000000000000000000000000000000000000
 000000000000000000000000000000000000000000000000000000000000000000000000000000000000000000000000000000000000000000000000000000000000000000000000000000000000000000000000000000000000
 000000000000000000000000000000000000000000000000000000000000000000000000000000000000000000000000000000000000000000000000000000000000000000000000000000000000000000000000000000000000
 000000000000000000000000000000000000000000000000000000000000000000000000000000000000000000000000000000000000000000000000000000000000000000000000000000000000000000000000000000000000
 000000000000000000000000000000000000000000000000000000000000000000000000000000000000000000000000000000000000000000000000000000000000000000000000000000000000000000000000000000000000
 000000000000000000000000000000000000000000000000000000000000000000000000000000000000000000000000000000000000000000000000000000000000000000000000000000000000000000000000000000000000
 000000000000000000000000000000000000000000000000000000000000000000000000000000000000000000000000000000000000000000000000000000000000000000000000000000000000000000000000000000000000
 000000000000000000000000000000000000000000000000000000000000000000000000000000000000000000000000000000000000000000000000000000000000000000000000000000000000000000000000000000000010
 000000000000000000000000000000000000000000000000000000000000000000000000000000000000000000000000000000000000000000000000000000000000000000000000000000000000000000000000000000000000
 000000000000000000000000000000000000000000000000000000000000000000000000000000000000011101101111000000000000000000000000000000000000000000000000000000000000000000000000000000000000
 000000000000000000000000000000000000000000000000000000000000000000000000000000000111101000000011100000000000000000000000000000000000000000000000000000000000000000000000000000000000
 000000000000000000000000000000000000000000000000000000000000000000011000011110111100100000001111000000000000000000000000000000000000000000000000000000000000000000000000000000000000
 000000000000000000000000000000000000000000000000000000000000101111101110100000000010010111111000000000000000000000000000000000000000000000000000000000000000000000000000000000000000
 000000000000000000000000000000000000000000000000000000011110110100000000000001111111110000000000000000000000000000000000000000000000000000000000000000000000000000000000000000000000
 000000000000000000000000000000000000000000000000000011010000000000000001011111000000000000000000000000000000000000000000000000000000000000000000000000000000000000000000000000000000
 000000000000000000000000000000000000000000000001111110000000000001110110000000000000000000000000000000000000000000000000000000000000000000000000000110000000000000000000000000011111
 000000000000000000000000000000000000000000011111100000000000111110000000000000000000000000000000000000000000000000000000000000000000000000000000000000000000000000000000111110110000
 000000000000000000000000000000000000000000001111000000000011111000000000000000000000000000000000000000000000000000000000000000000000000000000000000000000000000000000100111000000000
 000000000000000000000000000000000000000000111111100001111111100000000000000000000000000000000000000000000000000000000000000000000000000000000000000000000000000010011111110000000000
 000000000000000000000000000000000000000001111100000001100000000000000000000000000000000000000000000000000000000000000000000000000000000000000000000000000000000000001111010000000000
 000000000000000000000000000000000000001111111100111111000000000000000000000000000000000000000000000000000000000000000000000000000000000000000000000000000000000000000001110000000000
 000000000000000000000000000000000000111111000010111100000000000000000000000000000000000000000000000000000000000000000000000000000000000000000000000000000000000000111010100000000000
 000000000000000000000000000000000001111111111101011000000000000000000000000000000000000000000000000000000000000000000000000000000000000000000011011111011101010101000000000000000000
 000000000000000000000000000000000000111101111111110000000000000000000000000000000000000000000000000011001100000000000000000000000000000000000011000000000000000000000000000000000000
 000000000000000000000000000000000110000000111110000000000000000000000000000000000000000000000000000011011100000000000110000000000000000001000011100000000000000000000000000000000000
 000000000000000000000000000000111111000011111100000000000000000000000000000000000000000000000000111101111101110000001101100000000000001111100001100000000000000000000000000000000000
 000000000000000000000000000001111101100011100000000000000000000000000000000000000000000000000000110000000000011000000001110000000111100010000011100000000000000000000000000000000000
 000000000000000000000000000000011000000111100000000000000000000000000000000000000000000000000001100000000000001100000000011000001111101101000000111110000000000000000000000000000000
 000000000000000000000000000111100000000001100000000000000000000000000000000000000000000000000011100000000000001000000011110000110111101000001110000001100000000000000000000000000000
 000000000000000000000000001000000000000011100000000000000000000000000000000000000000000000000011000000000000110000110100110011001011110100000001110000111100000000000000000000000000
 000000000000000000000000001101100110000000100000000000000000000000000000000000000000000000001100000000000001100001100000010011000000000000000000110110001110000000000000000000000000
 000000000000000000000000000011110110000000111000000000000000000000000000000000000000000010101000000000000001100010000000011000011111101000000000000000110110000000000000000000000000
 000000000000000000000000000000111011110000011110000000000000000000000000000000000000000110000000000000000000011000110000001011011111010000000000000011001100000000000000000000000000
 000000000000000000000000000000000001011000000001110000000000000000000000000000000000000110000000000000000000001100011000000000000000111000000000000001010110000000000000000000000000
 000000000000000000000000000000000000001111111111111000000000000000000000000000000000000001100000000000000000001100001100000000000000000000000000000111111111000000000000000000000000
 000000000000000000000000000000000000000000000000000000111110000000000000000000000000000001000000000000000000011000001100000000000000000000000000000111111111000000000000000000000000
 000000000000000000000000000000000000000000000000000000111011100000000000000000000000000001100000000000000000011000010000000000000000000000000000000111011000000000000000000000000000
 000000000000000000000000000000000000000000000000000000011110011111100000000000000000000111100000000000000000011000110000000000000000000000000000000000101111000000000000000000000000
 000000000000000010000000000000000000000000000000000000000001111100001101101110000000000101111000000000000000001000110000000000000000000000000000000000000011011000000000000000000000
 000000000000010101111000000000000000000000000000000000000000011010000000000001110000000010001100000000000000011000010000000110000000000000000000000000000000001000000000000000000000
 000000000000010000011000000000000000000000000000000000000000001110000000000000000111100000001100000000000000001000011101110011111000000000000000000000000000000000000000000000000000
 000000000000111111110000000000001111000000000000000011011100000111000000000000000000010110000011110000000000001100000001011100100110000000000000000000000000000000000000000000000000
 110000000000000010000000000100110011000001111111111100001111100100000000000000000000000011100001110000000000000111100110000000110101000000000000000000000000000000000000000000000000
 001110000000000000000011111111110111000110000000000000001111010000000000000000000000000000011011000000000000000011000110000000001001110000000000000000000000000000000000000000000000
 000001000000000000001100000000001010111110000000000000000000000000000000000000000000000000001110000000000000000110000001000000001010100000000000000000000000000000000000000000000000
 101011100000000110111000000000000001100100000000000000000000000000000000000000000000000000000000000000000000000010000001100000011110000000000000000000000000000000000000000000000000
 111000000001101110000000000000000000000000000000000000000000000000000000000000000000000000000000000000000000011100000111000000000111111110000000000000000000000000000000000000000000
