 111111110000000000000000000000000000000000000000000000000000000000000000000000000000000000001111110000000000000000000000011100000000000000000000000000000000000000000000000000000000
 111110010000000000000000000000000000000000000000000000000000000000000000000000000000000000011110000000000000000000000000001100000000000000000000000000000000000000000000000000000000
 110000010000000000000000000000000000000000000000000000000000000000000000011100000000001111111000000000000000000000000000001100000000000000000000000000000000000000000000000000000000
 000000010000000000000000000000000000000000000000000000000000000000000001111111100000011111000000000000000000000000000000000000000000000000000000000000000000000000000000000000000000
 000000011000000000000000000000000000000000000000000000000000000000000111000011010111110000000000000000000000000000000000000000000000000000000000000000000000000000000000000000000000
 000000001100000000000000000000000000000000000000000000000000000000011100000000101110000000000000000000000000000000000000000000000000000000000000000000000000000000000000000000000000
 000000000100000000000000000000000000000000000000000000000000000000011100000000101100000000000000000000000000000000000000000000000000000000000000000000000000000000000000000000000000
 000000000110100000000000000000000000000000000000000000000000000001101000000000010110000000000000000000000000000000000000000000000000000000000000000000000000000000000000000000000000
 000000000011100000000000000000000000000000000000000000000000000001100000000000011110000000000000000000000000000000000000000000000000000000000000000000000000000000000000000000000000
 000000000001111000000000000000000000000000000000000000000000000010100000000000001110000000000000000000000000000000000000000000000000000000000000000000000000000000000000000000000000
 000000000000011000000000000000000000000000000000000000000000000110000000000001110110000000000000000000000000000000000000000000000000000000000000000000000000000000000000000000000000
 000000000000001100000000000000000000000000000000000000000000000100000000000101000011100000000000000000000000000000000000000000000000000000000000000000000000000000000000000000000000
 000000000000001110000000000000000000000000000000000000000000000100000000001010000001000000000000000000000000000000000000000001000000000000000000000000000000000000000000000000000000
 000000000000001110000000000000000000000000000000000000000000001000000000001000000110000000000000000000000000000000000000000000000000000000000000000000000000000000000000000000000000
 000000000000001110000000000000000000000000000000000000000000001000000000001000000010000000000000000000000000000000000000000000000000000000000000000000000000000000000000000000000000
 000000000000001011000000000000000000000000000000000000000000001100000000001000000100000000000000000000000000000000000000001111000000000000000000000000000000000000000000000000000000
 000000000000000001000000000000000000000000000000000000000000000110000000001110111000000000000000000000000000000000000000001001111100000000000000000000000000000000000000000000000000
 000000000000000001100000000000000000000000000000000000000000000001000000000001100000000000000000000000000000000000000000011000101100000000000000000000000000000000000000000000000000
 000000000000000001000000000000000000000000000000000000000000000001000000000000000000000000000000000000000000000000000000010000001000000000000000000000000000000000000000000000000000
 000000000000000000100000000000000000000000000000000000000000000011100000000000000000000000000000000000000000000000000000010000001000000000000000000000000000000000000000000000000000
 000000000000000000100000000100000000000000000000000000000000000000100000000000000000000000000000000000000000000000000000010000000100000000000000000000000000000000000000000000000000
 000000000000000001100000010110000000000000000000000000000000000000011000000000000000000000000000000000000000000000000000010000000100000000000000000000000000000000000000000000000000
 000000000000000001100000110110000000000000000000000000000000000000001100000000000000000000000000000000000000000000000000010000000000000000000000000000000000000000000000000000000000
 000000000000000001100000011001110000000000000000000000000000000000000110000000000000000000000000000000000000000000000000010000000100000000000000000000000000000000000000000000000000
 000000000000000011101101100001100000000000000000000000000000000000000011100000000000000000000000000000000000000000000001010000000000000000000000000000000000000000000000000000000000
 000000000000000011111111000000100000000000000000000000000000000000000000100000000000000000000000000000000000000000000001110000001000000000000000000000000000000000000000000000000000
 000000000000000001111110000000100000000000000000000000000000000000000000010000000000000000000000000000000000000000000001000000100000000000000000000000000000000000000000000000000000
 000000000000000000000000000000110000000000000000000000000000000000000000001000000000000000000000000000000000000000000001100000100000000000000000000000000000000000000000000000000000
 000000000000000000000000000000010000000000000000000000000000000000000000001100000000000000000000000000000000000000000001100000000000000000000000000000000000000000000000000000000000
 000000000000000000000000000000010000000000000000000000000000000000000000000100000000000000000000000000000000000000000000010001010000000000000000000000000000000000000000000000000000
 000000000000000000000000000000010000000000000000000000000000000000000000000100000000000000000000000000000000000000000000111000111000000000000000000000000000000000000000000000000000
 000000000000000000000000000000010000000000000000000000000000000000000000000010000000000000000000000000000000000000000000011100100000000000000000000000000000000000000000000000000000
 000000000000000000000000000000010000000000000000000000000000000000000000000010000000000000000000000000000000000000000000001100000111000000000000000000000000000000000000000000000000
 000000000000000000000000000000001000000000000000000000000000000000000000000010000000000000000000000000000000000000000000001000110101110011000000000000000000000000000000000000000000
 000000000000000000000000000000001000000000000000000000000000000000000000000010000000000000000000000000000000000000000000111101111111011101000000000000000000000000000000000000000000
 000000000000000000000000000000000100000010100000000000000000000000000000000010000000000000000000000000000000000000000000001011001100111111000000000000000000000000000000000000000000
 000000000001100000000000000000000110000100011000000000000000000000000000000011000000000000000000000000000000000000000000011111011110011100000000000000000000000000000000000000000000
 000000000001100000000000000000000010000110010000000000000000000000000000000001000000000000000000000000000000000000000000001001000010101110000000000000000000000000000000000000000000
 000000000001000000000000000000000010000010010000000000000000000000000000000001000000000000000000000000000000000000000000000100000000101110000000000000000000000000000000000000000000
 000000000011000000000000000000000110000000011111100000000000000000000000000011000000000000000000000000000000000000000000000101101000011011111000000000000000000000000000000000000000
 000000000011000000000000000000000111000100000000111000000000000000000000000010000000000000000000000000000000000000000001000110011010011101110100000000000000000000000000000000000000
 000000000011000000000000000000001000000100000000011000000000000000000000000000000000000000000000000000000000000000000001110010000000111110100100000000000000000000000000000000000000
 000000000010100000000000000000000010000100000000000100000000000000000000000010000000000000000000000000000000000000000001100000011100001100100100000000000000000000000000000000000000
 000000000010000000000000000000000111001100000000001110000000000000000000000010000000000000000000000000000000000000000001000000000111100001111100000000000000000000000000000000000000
 000000000000000000000000000000000010001000000000000010000000000000000000001010000000000000000000000000000000000000000100000000001000100001111110000000000000000000000000000000000000
 000000000000000000000000000000000010011000000000000011110000000000000000111000000000000000000000000000000000000000000110000000001000100110011110000000000000000000000000000000000000
 000000000110000000000000000000001010000000000000000011100000000000000000110000000000000000000000000000000000000000000110000000011011111111111000000000000000000000000000000000000000
 000000000110000000000000000000000100110000000000000000111000000000001111000000000000000000000000000000000000000000000111000000011111001111011000000000000000000000000000000000000000
 000000000000000000000000000000000111100000000000000000011100000000111100000000000000000000000000000000000000000000010111000000011011001010111110000000000000000000000000000000000000
 000000000000000000000000000000001110100000000000000000011011000000100000000000000000000000000000000000000000000000011100000000000011011111011010000000000000000000000000000000000000
 000000000000000000000000000000000000100000000000000000000001100001100000000000000000000000000000000000000000000000111000000000000100011100100111100000000000000000000000000000000000
 000000000000000000000000000000000010100100000000000000000001000011100000000000000000000000000000000000000000000001100000000000000100110111000011000000000000000000000000000000000000
 000000000000000000000000000000000100111100000000000000000001000010000000000000000000000000000000000000000000000111100000000000000011110000000011100000000000000000000000000000000000
 000000000000000000000000000000000100011100000000000000000001011000000000000000000000000000000000000000000000001111000000000000000001101000111010100000000000000000000000000000000000
 000000000000000000000000000000000100000100000000000000000001100000000000000000000000000000000000000000000000011110000000000000000000000000011000110000000000000000000000000000000000
 000000000000000000000000000000001110000010000000000000000000000000000000000000000000000000000000000000000000111100000000000000000000111101110000100000000000000000000000000000000000
 000000000000000000000000000000001110000110000000000000000000000000000000000000000000000000000000000000000000010000000000000000000001111101100000010000000000000000000000000000000000
 000000000000000000000000000000000101100001000000000000000000000000000000000000000000000000000000000000000000000000000000000000000111100110000000010000000000000000000000000000000000
 000000000000010000000000000000000101100001000000000000000000000000000000000000000000000000000000000000000001100000000000000000000110011100000000010000000000000000000000000000000000
 000000000000000000000000000000000000101000000000000000000000000000000000000000000000000000000000000000000000000000000000000000001011110110000001001000000000000000000000000000000010
 000000000000001000000000000000000000011001000000000000000000000000000000000000000000000000000000000000000000100000000000000000000101100011000010011000000000000000000000000000000010
 000000000000001000000000000000000000001001100000000000000000000000000000000000000000000000000000000000000000100000000000000000011100000010000011011000000000000000000000000000000000
 000000000000001100000000000000000000001101011110000000000000000000000000000000000000000000000000000000000011110000000000000000011000000100000101110000000000000000000000000000000000
 000000000000000000000000000000000000001110000011000000000000000000000000000000000000000000000000000000000011010000000000000000011000000010000110100000000000000000000000000000000000
 000000000000000000000000000000000000001110000001100000000000000000000000000000000000000000000000000000000100001000000000000000011000000010000010100000000000000000000000000000000000
 000000000000000000000000000000000000000011000000110000000000000000000000000000000000000000000000000000001000001110000000000101000000000011101010000000000000000000000000000000000000
 000000000000000000000000000000000000000000000000011000000000000000000000000000000000000000000000000000010000011111000000000011000000000000111110000000000000000000000000000000000000
 000000000000000000000111000000000000000001000000000100000000000000000000000000000000000000000000000000110000000111110000000000000000000000001100000000000000000000000000000000000000
 000000000000000000001001100100000000000011000000000010000000000000000000000000000000000000000000000011100000000000011100100000000000000000000000000000000000000000000000000000000000
 000000000000000000000100110111000000000001000000000001000000000000000000000000000000000000000000000101000000000000011001100000000000000000000000000000000000000000000000000000000000
 000000000000000000000110000000010000000001100000000001000000000000000000000000000000000000000000001110100000000011010000000000000000000000000000000000000000000000000000000000000000
 000000000000000000000010000000001000000000100000000001000000000000000000000000000000000000000001100010000000001001000000000000000000000000000000000000000000000000000000000000000000
 000000000000000000000001100000001100000000100000000000000000000000000000000000000000000000000001000000000000001101100000000000000000000000000000001100000000000000000000000000000000
 000000000000000000000001110000000100000000110000000001000000000000000001110000000000000000000001000000000000011110000000000000000000000000000000001100000000000000000000000000000000
 000000000000000000000000011000000110000000001000000001000000000000000001100000000000000000000110000000000000011000000000000000000000000000000000000000000000000000000000000000000000
 000000000000000000000000001100000011100000010000000001000000000000000000110000000000000000000100000000000000111100000000000000000000000000000010000000000000000000000000000000000000
 000000000000000000000000000000000010110000001100000000000000000000000000000000000000000000001000000000000000111000000000000000000000000000000010000000000000000000000000000000000000
 000000000000000000000000000001000000001100000100000001000000000000000000000000000000000001111000000000000000110000000000000000000000000000000000000000000000000000000000000000000000
 000000000000000000000001100001100000110100000100000001100000000100000000000100000000001110100000000000000000001000000000000000000000000000000000000000000000000000000000000000000000
 000000000000000000000001110000100000000111000111000001110000000000000000000000000000011000000000000000000000001100000000000000000000000000000000000000000110000000000000000000000000
 000000000000000000000000110000110000000011010001000000010000000000000000000000000000111000000000000000000000001110000000000000000000000000000000000000000110000000000000000000000000
 000000000000000000000000000000000100000000111110111000001000000000000000000000000000110000000000000000000000001110000000000000000000000000000000000000011110000000000000000000000000
 000000000000000000000000000000000110000000010111001100001000000000000000000001010000100000000000000000000000001010000000000000000000000000000000000000010000000000000000000000000000
 000000000000000000000000000000000001000000000111110111111000000000000000000000010111010000000000000000000000010011000000000000000000000000011000000000101110000000000000000000000000
 000000000000000000000000000011100001000000000001110001111100000000000000000000000011110000000000000000000000000001100000000111000000000000111000000000001010000000000000000000000000
 000000000000000000000000000001010001000000000000111100011110000000000000000111000000000000000000000000000000000100110000000101111100000001101000000001111010000000000000000000000000
 000000000000000000000000000001010001000000000000011111000110000000000000000100000000000000000000000000000000000111010000111000000101111110010000000000110110000000000000000000000000
 000000000000000000000000000000110000100000000000010111001000000000000000000110000000000000000000000000000000001000000000110100010010100001100000000000101110000000000000000000000000
 000000000000000000000000000000000000100000000000001101100000000000000000000100000000000000000000000000000000001000000001011111011100100111000000000000111110000000000000000000000000
 000000000000000000000000000000000011011000000000001100010010000000000000000011000000000000000000000000000000001000000001100000000000000000000000000000110000000000000000000000000000
