 000000000000000000000000000000000000000000000000000000000011111100000000000000000000000000000000000000000000000000000000000000000000000000000000000000000000000000000000000000000000
 000000000000000000000000000000000000000000000000000000000000001100000000000000000000000000000000000000000000000000000000000000000000000000000000000000000000000000000000000000000000
 000000000000000000000000000000000000000000000000000000000000000100000000000000000000000000000000000000000000000000000000000000000000000000000000000000000000000000000000000000000000
 000000000000000000000000000000000000000000000000000000000000001100000000000000000000000000000000000000000000000000000000000000000000000000000000000000000000000000000000000000000000
 000000000000000000000000000000000000000000000000000000000000001110000000000000000000000000000000000000000000000000000000000000000000000000000000000000000000000000000000000000000000
 000000000000000000000000000000000000000000000000000000000000000011000000000000000000000000000000000000000000000000000000000000000000000000000000000000000000000000000000000000000000
 000000000000000000000000000000000000000000000000000000000000000000110000000000000000000000000000000000000000000000000000000000000000000000000000000000000000000000000000000000000000
 000000000000000000000000000000000000000000000000000000000000000000001000000000000000000000000000000000000000000000000000000000000000000000000000000000000000000000000000000000000000
 000000000000000000000000000000000000000000000000000000000000000000011100000000000000000000000000000000000000000000000000000000000000000000000000000000000000000000000000000000000000
 000000000000000000000000000000000000000000000000000000000000000000000100110000000000000000000000000000000000000000000000000000000000000000000000000000000000000000000000000000000000
 000000000000000000000000000000000000000000000000000000000000000000000110110000000000000000000000000000000000000000000000000000000000000000000000000000000000000000000000000000000000
 000000000000000000000000000000000000000000000000000000000000000000000011100000000000000000000000000000000000000000000000000000000000000000000000000000000000000000000000000000000000
 000000000000000000000000000000000000000000000000000000000000000000000001100000000000000000000000000000000000000000000000000000000000000000000000000000000000000000000000000000000000
 000000000000000000000000000000000000000000000000000000000000000000000000100000000000000000000000000000000000000000000000000000000000000000000000000000000000000000000000000000000000
 000000000000000000000000000000000000000000000000000000000000000000000000000000000000000000000000000000000000000000000000000000000000000000000000000000000000000000000000000000000000
 000000000000000000000000000000000000000000000000000000000000000000000000100000000000000000000000000000000000000000000000000000000000000000000000000000000000000000000000000000000000
 000000000000000000000000000000000000000000000000000000000000000000000000100000000000000000000000000000000000000000000000000000000000000000000000000000000000000000000000000000000000
 000000000000000000000000000000000000000000000000000000000000000000000000100000000000000000000000000000000000000000000000000000000000000000000000000000000000000000000000000000000000
 000000000000000000000000000000000000000000000000000000000000000000000001110000000000000000000000000000000000000000000000000000000000000000000000000000000000000000000000000000000000
 000000000000000000000000000000000000000000000000000000000000000000000000110000000000000000000000000000000000000000000000000000000000000000000000000000000000000000000000000000000000
 000000000000000000000000000000000000000000000000000000000000000000000000011000000000000000000000000000000000000000000000000000000000000000000000000000000000000000000000000000000000
 000000000000000000000000000000000000000000000000000000000000000000000000010000000000000000000000000000000000000000000000000000000000000000000000000000000000000000000000000000000000
 000000000000000000000000000000000000000000000000000000000000000000000000001000000000000000000000000000000000000000000000000000000000000000000000000000000000000000000000000000000000
 000000000000000000000000000000000000000000000000000000000000000000000000011000000000000000000000000000000000000000000000000000000000000000000000000000000000000000000000000000000000
 000000000000000000000000000000000000000000000000000000000000000000000000001000000000000000000000000000000000000000000000000000000000000000000000000000000000000000000000000000000000
 000000000000000000000000000000000000000000000000000000000000000000000000001000000000000000000000000000000000000000000000000000000000000000000000000000000000000000000000000000000000
 000000000000000000000000000000000000000000000000000000000000000000000000000000000000000000000000000000000000000000000000000000000000000000000000000000000000000000000000000000000000
 000000000000000000000000000000000000000000000000000000000000000000000000010000000000000000000000000000000000000000000000000000000000000000000000000000000000000000000000000000000000
 000000000000000000000000000000000000000000000000000000000000000000000000010000000000000000000000000000000000000000000000000000000000000000000000000000000000000000000000000000000000
 000001000000000000000000000000000000000000000000000000000000000000000000010000000000000000000000000000000000000000000000000000000000000000000000000000000000000000000000000000000000
 110011010000000000000000000000000000000000000000000000000000000000000000000000000000000000000000000000000000000000000000000000000000000000000000000000000000000000000000000000000000
 000111110000000000000000000000000000000000000000000000000000000000000000100000000000000000000000000000000000000000000000000000000000000000000000000000000000000000000000000000000000
 111011110000000000000000000000000000000000000000000000000000000000000001100000000000000000000000000000000000000000000000000000000000000000000000000000000000000000000000000000000000
 111111110000000000000000000000000000000000000000000000000000000000000000100000000000000000000000000000000000000000000000000000000000000000000000000000000000000000000000000000000000
 010111010000000000000000000000000000000000000000000000000000000000000000000000000000000000000000000000000000000000000000000000000000000000000000000000000000000000000000000000000000
 000000001000000000000000000000000000000000000000000000000000000000000001000000000000000000000000000000000000000000000000000000000000000000000000000000000000000000000000000000000000
 010000111000000000000000000000000000000000000000000000000000000000000001000000000000000000000000000000000000000000000000000000000000000000000000000000000000000000000000000000000000
 010000001100000000000000000000000000000000000000000000000000000000000010000000000000000000000000000000000000000000000000000000000000000000000000000000000000000000000000000000000000
 001000000010000000000000000000000000000000000000000000000000000000000110000000000000000000000000000000000000000000000000000000000000000000000000000000000000000000000000000000000000
 110000000001000000000000000000000000000000000000000000000000000000000000000000000000000000000000000000000000000000000000000000000000000000000000000000000000000000000000000000000000
 110000000001000000000000000000000000000000000000000000000000000000011000000000000000000000000000000000000000000000000000000000000000000000000000000000000000000000000000000000000000
 011000000011100000000000000000000000000000000000000000000000000000100000000000000000000000000000000000000000000000000000000000000000000000000000000000000000000000000000000000000000
 011110111111100000000000000000000000000000000000000000000000000000100000000000000000000000000000000000000000000000000000000000000000000000000000000000000000000000000000000000000000
 000001001101000000000000000000000000000000000000000000000000000011000000000000000000000000000000000000000000000000000000000000000000000000000000000000000000000000000000000000000000
 000010010101000000000000000000000000000000000000000000000000000010000000000000000000000000000000000000000000000000000000000000000000000000000000000000000000000000000000000000000000
 110111110010100000000000000000000000000000000000000000000000000010000000000000000000000000000000000000000000000000000000000000000000000000000000000000000000000000000000000000000000
 010001000101100000000000000000000000000000000000000000000000000010000000000000000000000000000000000000000000000000000000000000000000000000000000000000000000000000000000000000000000
 010010000111110000011001101100000000000000000000000000000000000000000000000000000000000000000000000000000000000000000000000000000000000000000000000000110000000000000000000000000000
 011100000111011000010111000110000000000000000000000000000000000100000000000000000000000000000000000000000000000000000000000000000000000000000000000000011000000000000000000000000000
 001100001111011000011011111111010000000000000000000000000000001100000000000000000000000000000000000000000000000000000000000000000000000000000000000000001100000000000000000000000000
 000000011101011000111000111111111000000000000000000000000000001000000000000000000000000000000000000000000000000000000000000000000000000000000000000000001111000000000000000000000000
 000000000000011011101011000101111000000000000000000000000000000000000000000000000000000000000000000000000000000000000000000000000000000000000000000000001111110000000000000000000000
 000000111010111011010001001011100000000000000000000000000000100000000000000000000000000000000000000000000000000000000000000000000000000000000000000000000100001000000000000000000000
 000000111111100001010000001100000000000000000000000000000000100000000000000000000000000000000000000000000000000000000000000000000000000000000000000000000000011000000000000000000000
 000000011100000000100000001000000000000000000000000000000000100000000000000000000000000000000000000000000000000000000000000000000000000000000000000000000001001001000000000000000000
 000000000000000000110000100100000000000000000000000000000000100000000000000000000000000000000000000000000000000000000000000000000000000000000000000000000000111000000000000000000000
 000000000000000000000000010100000000000000000000000000000001100000000000000000000000000000000000000000000000000000000000000000000000000000000000000000000000011001100000000000000000
 000000000000000000110000111100000000000000000000000000000001000000000000000000000000000000000000000000000000000000000000000000000000000000000000000000000000001111110000000000000000
 000000000000000000010000000000000000000000000000000000000001100000000000000000000000000000000000000000000000000000000000000000000000000000000000000000000000001101110000000000000000
 000000000000000000001000000000000000000000000000000000000011000000000000000000000000000000000000000000000000000000000000000000000000000000000000000000000000001100000000000000000000
 000000000000000000001000000000000000000000000000001001011011000000000000000000000000000000000000000000000000000000000000000000000000000000000000000000000000001100001100001111100000
 000000000000000000000100000000000000001100000000001111111100000000000000000000000000000000000000000000000000000000000000000000000000000000000000000000000000000100000111111001000000
 000000000000000000000011100010000000011011100000011000000000000000000000000000000000000000000000000000000000000000000000000000000000000000000000000000000000001100000000010000000000
 000000000000000000000000011111100000111111000000110000000000000000000000000000000000000000000000000000000000000000000000000000000000000000000000000000000000001000000000000001000000
 000000000000000000000000000000111001000000110111000000000000000000000000000000000000000000000000000000000000000000000000000000000000000000000000000000000000001000000000000111000000
 000000000000000000000000000000000110000000001100000000000000000000000000000000000000000000000000000000000000000000000000000000000000000000000000000000000000111000000000000000000000
 000000000000000000000000000000000000000000000100000000000000000000000000000000000000000000000000000000000000000000000000000000000000000000000000000000000001110000000001111100000000
 000000000000000000000000000000000000000000000000000000000000000000000000000000000000000000000000000000000000000000000000000000000000000000000000000000000001000000000001000000000000
 000000000000000000000000000000000001100000000000000000000000000000000000000000000000000000000000000000000000000000000000000000000000000000000000000000000001111000000001000000000000
 000000000000000000000000000000000000100000000000000110000000000000000000000000000000000000000000000000000000000000000000000000000000000000000000000000000000011110000001000000000000
 000000000000000000000000000000000001100000000000000111000000000000000000000000000000000000000000000000000000000000000000000000000000000000000000000000000000000011000001000000000000
 000000000000000000000000000000000000000000000000000011000000000000000000000000000000000000000000000000000000000000000000000000000000000000000000000000000000000010000010000000000000
 000000000000000000000000000000000000001100000000000010000000000000000000000000000000000000000000000000000000000000000000000000000000000000000000000001100000000010001100000000000000
 000000000000000000000000000000000000000111100000111101000000000000000000000000000000000000000000000000000000000000000000000000000000000000000000000010011000000110001100000000000000
 000000000000000000000000000000000000001000011111110011000000000000000000000000000000000000000000000000000000000000000000000000000000000000000000000010001101101100001000000000000000
 000000000000000000000000000000000000001000001011100011000000000000000000000000000000000000000000000000000000000000000000000000000000000000000000000110001001101110110000000000000000
 000000000000000000000000000000000000000110000000000001000000000000000000000000000000000000000000000000000000000000000000000000000000000000000000001100000010100011100000000000000000
 000000000000000000000000000000000000000000000000000001000000000000000000000000000000000000000000000000000000000000000000000000000000000000000000011000000000100000000000000000000000
 000000000000000000000000000000000000000011000000000010000000000000000000000000000000000000000000000000000000000000000000000000000000000000000000010000000001100000000000000000000000
 000000000000000000000000000000000000000001100000000110000000000000000000000000000000000000000000000000000000000000000000000000000000000000000000110000000011000000000000000000000000
 000000000000000000000000000000000000000001000000010100000000000000000000000000000000000000000000000000000000000000000000000000000000000000000001100000000110000000000000000000000000
 000000000000000000000000000000000000000001000000111100000000000000000000000000000000000000000000000000000000000000000000000000000000000000000010000000001100000000000000000000000000
 000000000000000000000000000000000000000000110000111100000000000000000000000000000000000000000000000000000000000000000000000000000000000000001110000001011000000000000000000000000000
 000000000000000000000000000000000000000000001101100000000000000000000000000000000000000000000000000000000000000000000000000000000000000000111000000000100000000000000000000000000000
 000000000000000000000000000000000000000000000111000000000000000000000000000000000000000000000000000000000000000000000000000000000000000011000000000000011000000000000000000000000000
 000000000000000000000000000000000000000000000000000000000000000000000000000000000000000000000000000000000000000000000000000000000000001110000000000111011000000000000000000000000000
 000000000000000000000000000000000000000000000000000000000000000000000000000000000000000000000000000000000000000000000000000000000000110100000000011100000000000000000000000000000000
 000000000000000000000000000000000000000000000000000000000000000000000000000000000000000000000000000000000000000000000000000000000001100000000000010000000000000000000000000000000000
 000000000000000000000000000000000000000000000000000000000000000000000000000000000000000000000000000000000000000000000000000000000011000000000000100000000000000000000000000000000000
 000000000000000000000000000000000000000000000000000000000000000000000000000000000000000000000000000000000000000000000000000000001110000000000000100000000000000000000000000000000000
