 000000000010111100000000000000000111000000000000000110110111000000000011100000000000000000000000000010110011100000000000000000000000000000000000000000000000000000000000000000000000
 000000000111100000100100000000001110000000000000000011100000000000000111000000000000000000000000000011101111011100000000000000000000000000000000000000000000000000000000000000000000
 000000000000000000011111100000111000000000000000000000000000000000001100000000000000000000000000000001001111111111000000000000000000000000000000000000000000000000000000000000000000
 000000000000011101100001110111110000000000000000000000000000000000110100000000000000000111110000000010000010111111100000000000000000000000000000000000000000000000000000000000000000
 000000000000111100011111111100000000000000000000000000000000000011100000000000000000000010110110111001110000111111000000000000000000000000000000000000000000000000000000000000000000
 100000000000000110001111100000000000000000000000000000000000000100000000000000000000000111110001111111000001111100000000000000000000000000000000000000000000000000000000000000000000
 111100000000011101111101110000000000000000000000000000000000000110000000000000000000001111100000011101000111111000000000000000000000000000000000000000000000000000000000000000000000
 111011100000110000111100011100000000000000000000000000000000000001000000000000000000000111100000001111001111111000000000000000000000000000000000000000000000000000000000000000000000
 001111111011000110011111000000000000000000000000001101110011111110100000000000000000000101110000000111111110000000000000000000000000000000000000000000000000000000000000000000000000
 000000001101100110011001111000000000000000000000111010001001100000000000000000000000000000011000000001111110000000000000000000000000000000000000000000000000000000000000000000000000
 000000000011000110000000000111100000000000000001100000000001110000000000000000000000000000011111110000001100000000000000000000000000000000000000000000000000000000000000000000000000
 000000001110000100000000000001011100000000000001100000001110111110111000000000000000000000000111111000000000000000000000000000000000000000000000000000000000000000000000000000000000
 110000101000001100000000000000001100000000000000111001011001110000110000000000000000000000000000111100000000000000000000000000000000000000000000000000000000000000000000000000000000
 111101110000001110000000011111011101110000000000010000000000000000001100100000000000000000000000001100000000000000000000000000000000000000000000000000000000000000000000000000000000
 100000000001110001000000010011100100111100000000110000000000000000000111110000000000110011000000001111100000000000000000000000000000000000000000000000000000000000000000000000000000
 000000000001111011001011100000011110111000000000001111000000000000000000011100000000111111100000000111110000000000000000000000000000000000000000000000000000000000000000000000000000
 000000000000000001000110000000000001000000000011010101000000000000000000111010000000001110111111000101010000000000000000000000000000000000000000000000000000000000000000000000000000
 000000000000000001111000000000000000000000000001010000000000000000000000001111000000000110000111000110000000000000000000000000000000000000000000000000000000000000000000000000000000
 000000000000000000000000001110111000000000000000000000000000000000000000000011111110000011110001111111000000000000000000000000000000000000000000000000000000000000000000000000000000
 000000000000000000000000100000111000000000000000011110000000000100000000000011110011100000001100000111000000000000000000000000000000000000000000000000000000000000000000000000000000
 000000000000000000000000110111100000000111100001110001111111001110110000000000000000111000000111000011100000000000000000000000000000000000000000000000000000000000000000000000000000
 000000000000000000000000011100000000000110100001100000001111111000011000000000000000001111101100100000000000000000000000000000000000000000000000000000000000000000000000000000000000
 000000000000000000000000000000000000000101100001101000001000000000000111000000000000000000000101000110000000000000000000000000000000000000000000000000000000000000000000000000000000
 000000000000000000000000000000000000000011000000110000000000000000001011110000000000000000000000001111000000000000000000000000000000000000000000000000000000000000000000000000000000
 000000000000000000000000000000000000000000000000011000000000000000000001110000000000000000000000000111000000000000000000000000000000000000000000000000000000000000000000000000000000
 000000000000000000000000000000000000000000000000110100000000000000000000111111110100000000000000000000000000000000000000000000000000000000000000000000000000000000000000000000000000
 000000000000000000000000000000000000000000000001110000000000000000000000000000011110000000000000000000000000000000000000000000000000000000000000000000000000000000000000000000000000
 000000000000000000000000000000000000000000000000011000000000000000000000000000001100001110000000000000000000000000000000000000000000000000000000000000000000000000000000000000000000
 000000000000000000000000000000000000000000000000011000000000000000000000000000001100001110000000000011000000000000000000000000000000000000000000000000000000000000000000000000000000
 000000000000000000000000000000000000000000000000001100000000000000000000000010111100000000000000000011100000000000000000000000000000000000000000000000000000000000000000000000000000
 000000000000000000000000000000000000000000000000001100000000000000000000000001001100000000000000001111110000000000000000000000000000000000000000000000000000000000000000000000000000
 000000000000000000000000000000000000000000000000011000000000000000000000000000001100000000000000001001011000000000000000000000000000000000000000000000000000000000000000000000000000
 000000000000000000000000000000000000000000000000110000000000000000000000000000001100000000000000011010011100000000000000000000000000000000000000000000000000000000000000000000000000
 000000000000000000000000000000000000000000000001100000000000000000000000000000001111000000000000011000011110000000000000000000000000000000000000000000000000000000000000000000000000
 000000000000000000000000000000000000000000000110000000000000000000000000000000011111111000000011111000001011100000000000000000000000000000000000000000000000000000000000000000000000
 000000000000000000000000000000000000000000000011000000000000000000000000000000001100001100000110100000000011100000000000000000000000000000000000000000000000000000000000000000000000
 000000000000000000000000000000000000000000000001100000000000000000000000000000001000000110111101000000000111110000000000000000000000000000000000000000000000000000000000000000000000
 000000000000000000000000000000000000000000000000010100000000000000000000000000000000001111100000000000000011110000000000000000000000000000000000000000000000000000000000000000000000
 000000000000000000000000000000000000000000000000000100000000000000000000000000000000000000000000000000000011111100000000000000000000000000000000000000000000000000000000000000000000
 000000000000000000000000000000000000000000000000000011000000000000000000000000000000000000000000000000000000011110000000000000000000000000000000000000000000000000000000000000000000
 000000000000000000000000000000000000000000000000000001000000000000000000000000000000000000000000000000000000001010000000000000000000000000000000000000000000000000000000000000000000
 100000000000000000000000000000000000000000000000000001100000000000000000000000000000000000000000000000000000000110100000000000000000000000000000000000000000000000000000000000000000
 001110000000000000000000000000000000000000000000000001100000000000000000000000000000000000000000000000000000010011100000000000000000000000000000000000000000000000000000000000000000
 000001110000000000000000000000000000000000010000000001000000000000000000000000000000000000000000000000000000001111100000000000000000000000000000000000000000000000000000000000000000
 000000001000000000000000000000000000000110011100000000000000000000000000000000000000000000000000000000000000000111100000000000000000000000000000000000000000000000000000000000000000
 000000000110000000000000000000000000000011101000000011000000000000000000000000000000000000000000000000000000000001110000000000000000000000000000000000000000000000000000000000000000
 000000000111111000000000000000000000000011000000000111000000000000000000000000000000000000000000000000000000000001111000000000000000000000000000000000000000000000000000000000000000
 000000000010010111000000000000000000000000000000001100000000000000000000000000000000000000000000000000000000000000011110000000000000000000000000000000000000000000000000000000000000
 000000000000000000111011100000000000000000000000110000000000000000000000000000000000000000000000000000000000000000000110000000000000000000000000000000000000000000000000000000000000
 000000000000000000011100111011100000000000000011100000000000000000000000000000000000000000000000000000000000000000000111111100000000000000000000000000000000000000000000000000000000
 000000000000000000000000000000110000000000001100000000000000000000000000000000000000000000000000000000000000000000000011111111111000000000000000000000000000000000000000000000000000
 000000000000000000000000000000110000000001100000000000000000000000000000000000000000000000000000000000000000000000000000000000001110000000000000000000000000000000000000000000000000
 000000000000000000000000000001100000000000100000000000000000000000000000000000000000000000000000000000000000000000000000000000111100000000000000000000000000000000000000000000000000
 000000000000000000000000000001110000000000111000000000000000000000000000000000000000000000000000000000000000000000000000011011111110000000000000000000000000000000000000000000000000
 000000000000000000000000000001010000000000011000000000000000000000000000000000000000000000000000000000000000000000000001111111000011000000000000000000000000000000000000000000000000
 000000000000000000000000000000110000000000011100000000000000000000000000000000000000000000000000000000000000000000000011011100000111001100000000000000000000000000000000000000000000
 000000000000000000000000000000110000000100001000000000000000000000000000000000000000000000000000000000000000000000000011111000000001000110000000000000000000000000000000000000000000
 000000000000000000000000000000111111100000001000000000000000000000000000000000000000000000000000000000000000000000000000000000000000000110000000000000000000000000000000000000000000
 000000000000000000000000000000111001110000001100000000000000000000000000000000000000000000000000000000000000000000000000000000000000000010000000000000000000000000000000000000000000
 000000000000000000000000000000101100110000000100000000000000000000000000000000000000000000000000000000000000000000000000000000000000011110000000000000000000000000000000000000000000
 000000000000000000000000000000001100000000000110000000000000000000000000000000000000000000000000000000000000000000000000000000000000001111000000000000000000000000000000000000000000
 000000000000000000000000000000000011000000100110000000000000000000000000000000000000000000000000000000000000000000000000000000000000000110000000000000000000000000000000000000000000
 000000000000000000000000000000000011110001001100000000000000000000000000000000000000000000000000000000000000000000000000000000000000000110000000000000000000000000000000000000000000
 000000000000000000000000000000000000010000111100000000000000000000000000000000000000000000000000000000000000000000000000000000000101111111000000000000000000000000000000000000000000
 000000000000000000000000000000000000011101101100000000000000000000000000000000000000000000000000000000000000000000000000000011111111110111000000000000000000000000000000000000000000
 000000000000000000000000000000000000001011001000000000000000000000000000000000000000000000000000000000000000000000000000000011100000110110000000000000000000000000000000000000000000
 000000000000000000000000000000000000000000000000000000000000000000000000000000000000000000000000000000000000000000000000000110000001101110000000000000000000000000000000000000000000
 000000000000000000000000000000000000000000000000000000000000000000000000000000000000000000000000000000001000100000000000011000000011011100000000000000000000000000000000000000000000
 000000000000000000000000000000000000000000000000000000000000000000000000000000000000000000000111111111111000111100010100110000000100011000000000000000000000000000000000000000000000
 000000000000000000000000000000000000000000000000000000000000000000000000000000000000000000001110000000000010000111111111000000000100111100000000000000000000000000000000000000000000
 000000000000000000000000000000000000000000000000000000000000000000000000000000000000000000011000000000111101000000000000000000001100111111000000000000000000000000000000000000000000
 000000000000000000000000000000000000000000000000000000000000000000000000000000000000000000010000000000011100111000000000000000011000110110000001000000000000000000000000000000000000
 000000000000000000000000000000000000000000000000000000000000000000000000000000000000000111100000011000000110001110000000000000010100000111111111110000000000000000000000000000000000
 000000000000000000000000000000000000000000000000000000000000000000000000000000000000011100001111101011000001111111000000000000111000000100100100110000000000000000000000000000000000
 000000000000000000000000000000000000000000000000000000000000000000000000000000000011110011010100000001110000000000000000000001001000000000000001100000000000000000000000000000000000
 000000000000000000000000000000000000000000000000000000000000000000000000000000000001001110000000000000100000000000000000000111110000000000000001101100000000000000000000000000000000
 000000000000000000000000000000000000000000000000000000000000000000000000000000000110110000000100100011100000000000000000000001100000000000000001111100000000000000000000000000000000
 000000000000000000000000000000000000000000000000000000000000000000000000000000001111000000000011101110000000000000000000000111000000000000000001111100000000000000000000000000000000
 000000000000000000000000000000000000000000000000000000000000000000000000000000001100000000000011111110000000000000000000001100110010001111101001101100000000000000000000000000000000
 000000000000000000000000000000000000000000000000000000000000000000000000000000011000000000000000110110000000000000000000001111111111011111111110111111000000000000000000000000000000
 000000000000000000000000000000000000000000000000000000000000000000000000000001110000000000000000000110000000000000000000000000000000000000111100110111000000000000000000000000000000
 000000000000000000000000000000000000000000000000000000000000000000000000001110100000000000000000001110000000000000000010000000000000000011110001111110000000000000000000000000000000
 000000000000000000000000000000000000000000000000000000000000000000000000000101000000000000000000000110111000000000001110000000000000001011100001111110000000000000000000000000000000
 000000000000000000000000000000000000000000000000000000000000000000000000001100000000000000000000001111111100000000011010000000000000000000000000011100000000000000000000000000000000
 000000000000000000000000000000000000000000000000000000000000000000000000000000000000000000000000000011011111111100010110000000000000000000000000000000000000000000000000000000000000
 000000000000000000000000000000000000000000000000000000000000000000000000000000000000000000000000000000111111110000101111100000000000000000000000000000000000000000000000000000000000
 000000000000000000000000000000000000000000000000000000000000000000000000000000000000000000000000000001111111100111111000100000000000000000000000000000000000000000000000000000000000
 000000000000000000000000000000000000000000000000000000000000000000000000000000000000000000000000000111101111111011111110000000000000000000000000000000000000000000000000000000000000
 000000000000000000000000000000000000000000000000000000000000000000000000000000000000000000000001001111111111100011110000000000000000000000000000000000000000000000000000000000000000
 000000000000000000000000000000000000000000000000000000000000000000000000000000000000000000111111100001111000010111100000000000000000000000000000000000000000000000000000000000000000
