YDEF      368 LEVELS
   -78.250   -77.750   -77.250   -76.750   -76.250
   -75.750   -75.250   -74.750   -74.250   -73.750
   -73.250   -72.750   -72.250   -71.750   -71.250
   -70.750   -70.250   -69.750   -69.250   -68.750
   -68.250   -67.750   -67.250   -66.750   -66.250
   -65.750   -65.250   -64.750   -64.250   -63.750
   -63.250   -62.750   -62.250   -61.750   -61.250
   -60.750   -60.250   -59.750   -59.250   -58.750
   -58.250   -57.750   -57.250   -56.750   -56.250
   -55.750   -55.250   -54.750   -54.250   -53.750
   -53.250   -52.750   -52.250   -51.750   -51.250
   -50.750   -50.250   -49.750   -49.250   -48.750
   -48.250   -47.750   -47.250   -46.750   -46.250
   -45.750   -45.250   -44.750   -44.250   -43.750
   -43.250   -42.750   -42.250   -41.750   -41.250
   -40.750   -40.250   -39.750   -39.250   -38.750
   -38.250   -37.750   -37.250   -36.750   -36.250
   -35.750   -35.250   -34.750   -34.250   -33.750
   -33.250   -32.750   -32.250   -31.750   -31.250
   -30.750   -30.250   -29.750   -29.250   -28.750
   -28.250   -27.750   -27.250   -26.750   -26.250
   -25.750   -25.250   -24.750   -24.250   -23.750
   -23.250   -22.750   -22.250   -21.750   -21.250
   -20.750   -20.250   -19.750   -19.250   -18.750
   -18.250   -17.750   -17.250   -16.750   -16.250
   -15.750   -15.250   -14.750   -14.250   -13.750
   -13.250   -12.750   -12.250   -11.750   -11.250
   -10.750   -10.250    -9.750    -9.250    -8.750
    -8.250    -7.750    -7.250    -6.750    -6.250
    -5.750    -5.250    -4.750    -4.250    -3.750
    -3.250    -2.750    -2.250    -1.750    -1.250
    -0.750    -0.250     0.250     0.750     1.250
     1.750     2.250     2.750     3.250     3.750
     4.250     4.750     5.250     5.750     6.250
     6.750     7.250     7.750     8.250     8.750
     9.250     9.750    10.250    10.750    11.250
    11.750    12.250    12.750    13.250    13.750
    14.250    14.750    15.250    15.750    16.250
    16.750    17.250    17.750    18.250    18.750
    19.250    19.750    20.250    20.750    21.250
    21.750    22.250    22.750    23.250    23.750
    24.250    24.750    25.250    25.750    26.250
    26.750    27.250    27.750    28.250    28.750
    29.250    29.750    30.250    30.750    31.250
    31.750    32.250    32.750    33.250    33.750
    34.250    34.750    35.250    35.750    36.250
    36.750    37.250    37.750    38.250    38.750
    39.250    39.750    40.250    40.750    41.250
    41.750    42.250    42.750    43.250    43.750
    44.250    44.750    45.250    45.750    46.250
    46.750    47.250    47.750    48.250    48.750
    49.250    49.750    50.250    50.750    51.250
    51.750    52.250    52.750    53.250    53.750
    54.250    54.750    55.250    55.750    56.250
    56.750    57.250    57.750    58.250    58.750
    59.250    59.750    60.250    60.750    61.250
    61.750    62.250    62.750    63.250    63.750
    64.563    65.688    66.813    67.938    69.063
    70.188    71.313    72.438    73.563    74.688
    75.813    76.938    78.063    79.188    80.313
    81.438    82.563    83.688    84.813    85.938
    87.063    88.188    89.313    90.438    91.563
    92.688    93.813    94.938    96.063    97.188
    98.313    99.438   100.563   101.688   102.813
   103.938   105.063   106.188   107.313   108.438
   109.563   110.688   111.813   112.938   114.063
   115.188   116.313   117.438   118.563   119.688
   120.813   121.938   123.063   124.188   125.313
   126.438   127.563   128.688   129.813   130.938
   132.063   133.188   134.313   135.438   136.563
   137.688   138.813   139.938   141.063   142.188
   143.313   144.438   145.563   146.688   147.813
   148.938   150.063   151.188   152.313   153.438
   154.563   155.688   156.813
