ZDEF       51 LEVELS
     0.000     4.000     9.000    15.500    23.000
    32.000    43.500    57.500    73.500    91.000
   109.000   127.500   147.500   168.000   189.000
   211.000   234.000   258.000   285.000   315.000
   345.000   380.000   420.000   460.000   510.000
   570.000   635.000   705.000   780.000   860.000
   950.000  1050.000  1150.000  1275.000  1425.000
  1575.000  1725.000  1900.000  2125.000  2375.000
  2625.000  2875.000  3150.000  3450.000  3750.000
  4050.000  4350.000  4650.000  5100.000  5700.000
  6300.000
