ZDEF       51 LEVELS
     2.000     6.500    12.250    19.250    27.500
    37.750    50.500    65.500    82.250   100.000
   118.250   137.500   157.750   178.500   200.000
   222.500   246.000   271.500   300.000   330.000
   362.500   400.000   440.000   485.000   540.000
   602.500   670.000   742.500   820.000   905.000
  1000.000  1100.000  1212.500  1350.000  1500.000
  1650.000  1812.500  2012.500  2250.000  2500.000
  2750.000  3012.500  3300.000  3600.000  3900.000
  4200.000  4500.000  4875.000  5400.000  6000.000
  6325.000
