 5555555555555555555555555555555555555555
 5555555555555555555555555555555555555555
 5555555555555555555555555555555555555555
 5555555555555555555555555555555555555555
 5555555555555555555555555555555555555555
 5555555555555555555555555555555555555555
 5555555555555555555555555555555555555555
 5555555555555555555555555555555555555555
 5555555555555555555555555555555555555555
 5555555555555555555555555555555555555555
 5555555555555555555555555555555555555555
 5555555555555555555555555555555555555555
 5555555555555555555555555555555555555555
 5555555555555555555555555555555555555555
 5555555555555555555555555555555555555555
 5555555555555555555555555555555555555555
 5555555555555555555555555555555555555555
 5555555555555555555555555555555555555555
 5555555555555555555555555555555555555555
 5555555555555555555555555555555555555555
 5555555555555555555555555555555555555555
 5555555555555555555555555555555555555555
 5555555555555555555555555555555555555555
 5555555555555555555555555555555555555555
 5555555555555555555555555555555555555555
 5555555555555555555555555555555555555555
 5555555555555555555555555555555555555555
 5555555555555555555555555555555555555555
 5555555555555555555555555555555555555555
 5555555555555555555555555555555555555555
 5555555555555555555555555555555555555555
 5555555555555555555555555555555555555555
 5555555555555555555555555555555555555555
 5555555555555555555555555555555555555555
 5555555555555555555555555555555555555555
 5555555555555555555555555555555555555555
 5555555555555555555555555555555555555555
 5555555555555555555555555555555555555555
 5555555555555555555555555555555555555555
 5555555555555555555555555555555555555555
 5555555555555555555555555555555555555555
 5555555555555555555555555555555555555555
 5555555555555555555555555555555555555555
 5555555555555555555555555555555555555555
 5555555555555555555555555555555555555555
 5555555555555555555555555555555555555555
 5555555555555555555555555555555555555555
 5555555555555555555555555555555555555555
 5555555555555555555555555555555555555555
 5555555555555555555555555555555555555555
 5555555555555555555555555555555555555555
 5555555555555555555555555555555555555555
 5555555555555555555555555555555555555555
 5555555555555555555555555555555555555555
 5555555555555555555555555555555555555555
 5555555555555555555555555555555555555555
 5555555555555555555555555555555555555555
 5555555555555555555555555555555555555555
 5555555555555555555555555555555555555555
 5555555555555555555555555555555555555555
 5555555555555555555555555555555555555555
 5555555555555555555555555555555555555555
 5555555555555555555555555555555555555555
 5555555555555555555555555555555555555555
 5555555555555555555555555555555555555555
 5555555555555555555555555555555555555555
 5555555555555555555555555555555555555555
 5555555555555555555555555555555555555555
 5555555555555555555555555555555555555555
 5555555555555555555555555555555555555555
 5555555555555555555555555555555555555555
 5555555555555555555555555555555555555555
 5555555555555555555555555555555555555555
 5555555555555555555555555555555555555555
 5555555555555555555555555555555555555555
 5555555555555555555555555555555555555555
 5555555555555555555555555555555555555555
 5555555555555555555555555555555555555555
 5555555555555555555555555555555555555555
 5555555555555555555555555555555555555555
 5555555555555555555555555555555555555555
 5555555555555555555555555555555555555555
 5555555555555555555555555555555555555555
 5555555555555555555555555555555555555555
 5555555555555555555555555555555555555555
 5555555555555555555555555555555555555555
 5555555555555555555555555555555555555555
 5555555555555555555555555555555555555555
 5555555555555555555555555555555555555555
 5555555555555555555555555555555555555555
 5555555555555555555555555555555555555555
 5555555555555555555555555555555555555555
 5555555555555555555555555555555555555555
 5555555555555555555555555555555555555555
 5555555555555555555555555555555555555555
 5555555555555555555555555555555555555555
 5555555555555555555555555555555555555555
 5555555555555555555555555555555555555555
 5555555555555555555555555555555555555555
 5555555555555555555555555555555555555555
 5555555555555555555555555555555555555555
 5555555555555555555555555555555555555555
 5555555555555555555555555555555555555555
 5555555555555555555555555555555555555555
 5555555555555555555555555555555555555555
 5555555555555555555555555555555555555555
 5555555555555555555555555555555555555555
 5555555555555555555555555555555555555555
 5555555555555555555555555555555555555555
 5555555555555555555555555555555555555555
 5555555555555555555555555555555555555555
 5555555555555555555555555555555555555555
 5555555555555555555555555555555555555555
 5555555555555555555555555555555555555555
 55555555555555555555555555555555555555@@
 55555555555555555555555@@@555@@@@@@@@@@@
 555555555555555555555@@@@@@@@@@@@@@@@@@@
 55555555555555555@@@@@@@@@@@@@@@@@@@@@@@
 5555555555555@@@@@@@@@@@@@@@@@@@@@@@@@@@
 5555555@@@@@@@@@@@@@@@@@@@@@@@@@@@@@@@@@
 555555@@@@@@@@@@@@@@@@@@@@@@@@@@@@@@@@@@
 5555@@@@@@@@@@@@@@@@@@@@@@@@@@@@@@@@@@@@
 @@@@@@@@@@@@@@@@@@@@@@@@@@@@@@@@@@@@@@@@
 @@@@@@@@@@@@@@@@@@@@@@@@@@@@@@@@@@@@@@@@
 @@@@@@@@@@@@@@@@@@@@@@@@@@@@@@@@@@@@@@@@
 @@@@@@@@@@@@@@@@@@@@@@@@@@@@@@@@@@@@@@@@
 @@@@@@@@@@@@@@@@@@@@@@@@@@@@@@@@@@@@@@@@
 @@@@@@@@@@@@@@@@@@@@@@@@@@@@@@@@@@@@@@@@
 @@@@@@@@@@@@@@@@@@@@@@@@@@@@@@@@@@@@@@@@
 @@@@@@@@@@@@@@@@@@@@@@@@@@@@@@@@@@@@@@@@
 @@@@@@@@@@@@@@@@@@@@@@@@@@@@@@@@@@@@@@@@
 @@@@@@@@@@@@@@@@@@@@@@@@@@@@@@@@@@@@@@@@
 @@@@@@@@@@@@@@@@@@@@@@@@@@@@@@@@@@@@@@@@
 @@@@@@@@@@@@@@@@@@@@@@@@@@@@@@@@@@@@@@@@
 @@@@@@@@@@@@@@@@@@@@@@@@@@@@@@@@@@@@@@@@
 @@@@@@@@@@@@@@@@@@@@@@@@@@@@@@@@@@@@@@@@
 @@@@@@@@@@@@@@@@@@@@@@@@@@@@@@@@@@@@@@@@
 @@@@@@@@@@@@@@@@@@@@@@@@@@@@@@@@@@@@@@@@
 @@@@@@@@@@@@@@@@@@@@@@@@@@@@@@@@@@@@@@@@
 @@@@@@@@@@@@@@@@@@@@@@@@@@@@@@@@@@@@@@@@
 @@@@@@@@@@@@@@@@@@@@@@@@@@@@@@@@@@@@@@@@
 @@@@@@@@@@@@@@@@@@@@@@@@@@@@@@@@@@@@@@@@
 @@@@@@@@@@@@@@@@@@@@@@@@@@@@@@@@@@@@@@@@
 @@@@@@@@@@@@@@@@@@@@@@@@@@@@@@@@@@@@@@@@
 @@@@@@@@@@@@@@@@@@@@@@@@@@@@@@@@@@@@@@@@
 @@@@@@@@@@@@@@@@@@@@@@@@@@@@@@@@@@@@@@@@
 @@@@@@@@@@@@@@@@@@@@@@@@@@@@@@@@@@@@@@@@
 @@@@@@@@@@@@@@@@@@@@@@@@@@@@@@@@@@@@@@@@
 @@@@@@@@@@@@@@@@@@@@@@@@@@@@@@@@@@@@@@@@
 @@@@@@@@@@@@@@@@@@@@@@@@@@@@@@@@@@@@@@@@
