 000000000000000000000000000000000000000000000000000000000000000000000000000000000000000000000000000000000000000000000000000000000000000000000000000000000000000000000000000000000000
 000000000000000000000000000000000000000000000000000000000000000000000000000000000000000000000000000000000000000000000000000000000000000000000000000000000000000000000000000000000000
 000000000000000000000000000000000000000000000000000000000000000000000000000000000000000000000000000000000000000000000000000000000000000000000000000000000000000000000000000000000000
 000000000000000000000000000000000000000000000000000000000000000000000000000000000000000000000000000000000000000000000000000000000000000000000000000000000000000000000000000000000000
 000000000000000000000000000000000000000000000000000000000000000000000000000000000000000000000000000000000000000000000000000000000000000000000000000000000000000000000000000000000000
 000000000000000000000000000000000000000000000000000000000000000000000000000000000000000000000000000000000000000000000000000000000000000000000000000000000000000000000000000000000000
 000000000000000000000000000000000000000000000000000000000000000000000000000000000000000000000000000000000000000000000000000000000000000000000000000000000000000000000000000000000000
 000000000000000000000000000000000000000000000000000000000000000000000000000000000000000000000000000000000000000000000000000000000000000000000000000000000000000000000000000000000000
 000000000000000000000000000000000000000000000000000000000000000000000000000000000000000000000000000000000000000000000000000000000000000000000000000000000000000000000000000000000000
 000000000000000000000000000000000000000000000000010000000000000100000000000000000000000000000010100000000000000000000000000000000000000000000000000000000000000000000000000000000000
 000000000000110101110011000000000000000000000000000000000000000000000000000000000000000000011111100000000000000000000000000000000000000000000000000000000000000000000000000000000000
 000000000011000000001000000000000000000000000000000000000000000000000000000000000000000000000000110011111000000000000000000000000000000000000000000000000000000000000000000000000000
 000000000000011011001110000000000000000000000000000000000000000000000000000000000000000000000000000111110000000000000000000000000000000000000000000000000000000000000000000000000000
 000000000000001110000010000000000000000000000000000000000000000000011000000000000000000000000000000011110111111000000000000000000000000000000000000000000000000000000000000000000000
 000000000000000000000000000000000000000000000000000000000000000000110000000000000000000000011111111110000011001111000000000000000000000011111111000000000000000000000000000000000000
 000000000000000000000000000000000000000000000000000000011011000000000000000000000000011010000000000000000000001110000000000000000000000011111111001111000000000000000000000000000000
 000000000000000000000000000000000000000000000000000001111100000000000000000000000001111000000000000000000111111111010000000110000000000000000000000000000000000000000000000000000000
 000000000000000000000000000000000000000000000000000011111000000000001111001000101111000000000000000000000000110001110111001111110000000000001110000000000000000000000000000000000000
 000000000000000000000000000000000000000000000000000110100000000000011001111111111100000000000000000000000000000000000000000000011000100100011111111111000000000000000000000000000000
 000000000000000000000001111111000000000000000000000001111000000000100001111110000001000000000000000000000000000000000000000000001111111111100000000001111011111000000000000000000000
 000000000000000000111111010101111000000000000000000000000001011000110001010000000000000000000000000000000000000000000000000000000000100000000000000000000010000101010001101111110001
 000000000000000111100000000001001111101000000000000011000110100110111001111000000000000000000000000000000000000000000000000000000000000000000000000000000000000111001110111000101111
 000000000000001010000001000000000000011111011100111111111001000000011000101000100000000000000000000000000000000000000000000000000000000000000000000000000000000000000000000000000001
 000000000000011100000000000000000111100110011111100000000000000000001111111000000000000000000000000000000000000000000000000000000000000000000000000000000000000000000000000000000000
 000000000000111000000111110000000110111111111100000000000000000000000011100000000000000000000000000000000000000000000000000000000000000000000000000000000000000000000000000000000000
 000000000011000000001000110000000111111111010000000000000000000000000000000000000000000000000000000000000000000000000000000000000000000000000000000000000000000000000000000000000111
 000000000110000101111111000000000001111000000000000000000000000000000000000000000000000000000000000000000000000000000000000000000000000000000000000000000000000000000000000000000111
 000000111100000011101110000000000000000000000000000000000000000000000000000000000000000000000000000000000000000000000000000000000000000000000000000000000000000000110000000000001110
 000000000000000000000000000000000000000000000000000000000000000000000000000000000000000000000000000000000000000000000000000000000000000000000000000000000000111101110000000011110000
 000010000000000011000100011100010000000000000000000000000000000000000000000000000000000000000000000000000000000000000000000000000000000000000000000000000011000111110011111110000000
 000011000101000011100011111110000000000000000000000000000000000000000000000000000000000000000000000000000000000000000000000000000000000000000011110111100110000011111110010000000000
 000001011110000011000011111100000000000000000000000000000000000000000000000000000000000000000000000000000000000000000000000000000000000000000110011000011110000111110000000000000000
 000000110001100110000100100000000000000000000000000000000000000000000000000000000000000000000000000000000000000000000000000000000000000000011000000000000000111001100000000000000000
 000000011101110100001111101000000000000000000000000000000000000000000000000000000000000000000000000000000000000000000000000000000000000001100000000000000001100000100000000000000000
 000000011111111100001000000000000000000000000000000000000000000000000000000000000000000000000000000000000000000000000000000000000000000111000000000000000001000001100000000000000000
 000000001101000001101100000000000000000000000000000000000000000000000000000000000000000000000000000000000000000000000000000000000000001101000000000000000001000111000000000000000000
 000000011111111110110000000000000000000000000000000000000000000000000000000000000000000000000000000000000000000000000000000000000000001111110010000000000001001100000000000000000000
 100011110100000000000000000000000000000000000000000000000000000000000000000000000000000000000000000000000000000000000000000000000000000001001110000000000001011100000000000000000000
 110011000000000000000000000000000000000000000000000000000000000000000000000000000000000000000000000000000000000000000000000000000000000000001110000000000000110000000000000000000000
 111100000000000000000000000000000000000000000000000000000000000000000000000000000000000000000000000000000000000000000000000000000000000000011111000000000000100000000000000000000000
 110000000000000000000000000000000000000000000000000000000000000000000000000000000000000000000000000000000000000000000000000000000000000000010101000000000000000000000000000000000000
 000000000000000000000000000000000000000000000000000000000000000000000000000000000000000000000000000000000000000000000000000000000000000000010111000000000000000000000000000000000000
 000000000000000000000000000000000001000100000000000000000000000000000000000000000000000000000000000000000000000000000000000000000000000000110100000000000000000000000000000000000000
 000000000000000000000000000000110011110000000000000000000000000000000000000000000000000000000000000000000000000000000000000000000000000000100110000000000000000000000000000000000000
 010000000001100000000000000011001010010000000000000000000000000000000000000000000000000000000000000000000000000000000000000000000000000011000100000000000000000000000000000000000000
 000000000001011000000000000010001111110000000000000000000000000000000000000000000000000000000000000000000000000000000000000000000000100110000110000000000000000000000000000000000000
 001110110011101110000000000100000000001000000000000000000000000000000000000000000000000000000000000000000000000000000000000000000000001100000111100000000000000000000000000000000000
 001001001111111011110000000100000000000011000000000000000000000000000000000000000000000000000000000000000000000000000000000000000011111000011111100000000000000000000000000000000000
 011000001001111110011000101100001110000001000000000000000000000000000000000000000000000000000000000000000000000000000000010100011100000000011010000000000000000000000000000000000000
 110000001000011111011101111111110011111110000000000000000000000000000000000000000000000000000000000000000000000000000000111000101100000000011000000000000000000000000000000000000000
 001000001000000010011111011010000000000000000000000000000000000000000000000000000000000000000000000000000000000000000111011111111000000000011100000000000000000000000000000000000000
 000000001000000110001010011000000000000000000000000000000000000000000000000000000000000000000000000000000000000000001110010001110000000000011100000000000000000000000000000000000000
 000000000000101100001111001100000000000000000000000000000000000000000000000000000000000000000000000000000000000000001110100011111000000000111000000000000000000000000000000000000000
 101111111100011000000110000111110111000000000000000000000000000000000000000000000000000000000000000000000000000000001011110000111000000011111000000000000000000000000000000000000000
 110000000110000000000000000001000101100000000000000000000000000000000000000000000000000000000000000000000000000000000001000000111000000110110000000000000000000000000000000000000000
 000000000110000000000001100000001101000000000000000000000000000000000000000000000000000000000000000000000000000000000010100000111001111111110000000000000000000000000000000000000000
 000000000110000000000000000000000001000000000000000000000000000000000000000000000000000000000000000000000000000000000001000000000011111100000000000000000000000000000000000000000000
 000000000011100000001100000000000011000000000000000000000000000000000000000000000000000000000000000000000000000000000000100000100111100000000000000000000000000000000000000000000000
 000000000000011000011110100000010010000000000010100000000000000000000000000000000000000000000000000000000000000000000000110000000111000000000000000000000000000000000000000000000000
 000000000000000111010000111011111100000000000000110000000000000000000000000000000000000000000000000000000000000000000000100000000010000000000000000000000000000000000000000000000000
 000000000000000001110000000000000000000000000001111000000000000000000000000000000000000000000000000000000000000000000000110000000000000000000000000000000000000000000000000000000000
 000000000000000000000000000000000000000000000001001000000000000000000000000000000000000000000000000000000000000000000000110000000000000000000000000000000000000000000000000000000000
 000000000000000000000000000000001111000000000001101100000100000000000000000000000000000000000000000000000000000000000000100000000000000000000000000000000000000000000000000000000000
 000000000000000000000000000000000101100000000000110011111000000000000000000000000000000000000000000000000000000000000001000000000000000000000000000000000000000000000000000000000000
 000000000000000000000000000000000100100000000000011000011111000011000000000000000000000001000000000000000000000000000010000000000000000000000000000000000000000000000000000000000000
 000000000000000000000000000000000010010000000000001000110000111110111000000000000000000011000000000000000000000000000110110000000000000000000000000000000000000000000000000000000000
 000000000000000000000000000000000010011000000000000111001100000000011000100000000000000100000000000000000000000000011101110000000000000000000000000000000000000000000000000000000000
 000000000000000000000000000000000011001000000000000000000110000000001100010000000000001000010001000000000000000001110001110000000000000000000000000000000000000000000000000000000000
 000000000000000000000000000000000001101000000000000000000011000000001101110000000000001111110001000000000001110110000000100000000000000000000000000000000000000000000000000000000000
 000000000000000000000000000000000000101100000000000000000110000000000111100000000000001000011000000000000010011000000000000000000000000000000000000000000000000000000000000000000000
 000000000000000000000000000000000000100110000000000000000100000000000000100000000000110000001101000000000100111000000000000000000000000000000000000000000000000000000000000000000000
 000000000000000000000000000000000000100010000000000000011100000000000000100000000001100000000100100000000100110000000000000000000000000000000000000000000000000000000000000000000000
 000000000000000000000000000000000000010001000000000000110000000000000000100000000011000000000011000000000100100000000000110000000000000000000000000000000000000000000000000000000000
 000000000000000000000000000000000000001000100000000011100000000000000000110000001100000000000011100000000010000000000000010000000000000000000000000000000000000000000000000000000000
 000000000000000000000000000000000000001000100000000100000000000000000000011000011000000000000101010000000001000000000000100000000000000000000000000000000000000000000000000000000000
 000000000000000000000000000000000000001110100000111000000000000000000000010000010000000000000000010100000000100000000001110000000000000000000000000000000000000000000000000000000000
 000000000000000000000000000000000000000011110111100000000000000000000000001000010000000000000000010110000000100000000000111100000000000000000000000000000000000000000000000000000000
 000000000000000000000000000000000000000001111100000000000000000000000000001000010000000000001000001111000000100000000000101100000000000000000000000000000000000000000000000000000000
 000000000000000000000000000000000000000000100000001000000000000000000000001100010000000000000000001101110000100000000000010110000000000000000000000000000000000000000000000000000000
 000000000000000000000000000000000000000000110111111000000000000000000000000111010000000000000000001000010011100000000010011110000000000000000000000000000000000000000000000000000000
 000000000000000000000000000000000000000000011100001000000000000000000000000100100000000000000000001100000110000000000010001110000000000000000000000000000000000000000000000000000000
 000000000000000000000000000000000000000000000000011000000000000000000000000001111000000000000000001100001100000000000100001011000000000000000000000000000000000000000000000000000000
 000000000000000000000000000000000000000000000000110000000000000000000000000001011100000000000000001100000000000000000000001111000000000000000000000000000000000000000000000000000000
 011100000000000000000000000000000000000000000000100000000000000000000000000000011100000000000000000110000000000000001000010111000000000000000000000000000000000000000000000000000000
 110010000100000000000000000000000000000000000000100000000000000000000000000000011000000000000000000111110000000000011110000110000000000000000000000000000000000000000000000000000000
 000001111100000000000000000000000000000000000001000000000000000000000000000000000000000000000001110011100000000000110110000000000000000000000000000000000000000000000000000000000000
 000000001110000000000000000000000000000000000011000000000000000000000000000000000000000000000000111011110001000001101100000000000000000000000000000000000000000000000000000000000000
 000000001101000000000000000000000000000000000110000000000000000000000000000000000000000000000000111111100000000110001100000000000000000000000000000000000000000000000000000000000000
 000000000100000000000000000000000000000000001100000000000000000000000000000000000000000000000000001111110000111000000100000000010000000000000000000000000000000000000000000000000000
 000000000110000000000000000000000000000000111000000000000000000000000000000000000000000000000000101001110000101000001111111110011000000000000000000000000000000000000000000000000000
