    -0.281     0.281     0.844     1.406     1.969     2.531     3.094     3.656
     4.219     4.781     5.344     5.906     6.469     7.031     7.594     8.156
     8.719     9.281     9.844    10.406    10.969    11.531    12.094    12.656
    13.219    13.781    14.344    14.906    15.469    16.031    16.594    17.156
    17.719    18.281    18.844    19.406    19.969    20.531    21.094    21.656
    22.219    22.781    23.344    23.906    24.469    25.031    25.594    26.156
    26.719    27.281    27.844    28.406    28.969    29.531    30.094    30.656
    31.219    31.781    32.344    32.906    33.469    34.031    34.594    35.156
    35.719    36.281    36.844    37.406    37.969    38.531    39.094    39.656
    40.219    40.781    41.344    41.906    42.469    43.031    43.594    44.156
    44.719    45.281    45.844    46.406    46.969    47.531    48.094    48.656
    49.219    49.781    50.344    50.906    51.469    52.031    52.594    53.156
    53.719    54.281    54.844    55.406    55.969    56.531    57.094    57.656
    58.219    58.781    59.344    59.906    60.469    61.031    61.594    62.156
    62.719    63.281    63.844    64.406    64.969    65.531    66.094    66.656
    67.219    67.781    68.344    68.906    69.469    70.031    70.594    71.156
    71.719    72.281    72.844    73.406    73.969    74.531    75.094    75.656
    76.219    76.781    77.344    77.906    78.469    79.031    79.594    80.156
    80.719    81.281    81.844    82.406    82.969    83.531    84.094    84.656
    85.219    85.781    86.344    86.906    87.469    88.031    88.594    89.156
    89.719    90.281    90.844    91.406    91.969    92.531    93.094    93.656
    94.219    94.781    95.344    95.906    96.469    97.031    97.594    98.156
    98.719    99.281    99.844   100.406   100.969   101.531   102.094   102.656
   103.219   103.781   104.344   104.906   105.469   106.031   106.594   107.156
   107.719   108.281   108.844   109.406   109.969   110.531   111.094   111.656
   112.219   112.781   113.344   113.906   114.469   115.031   115.594   116.156
   116.719   117.281   117.844   118.406   118.969   119.531   120.094   120.656
   121.219   121.781   122.344   122.906   123.469   124.031   124.594   125.156
   125.719   126.281   126.844   127.406   127.969   128.531   129.094   129.656
   130.219   130.781   131.344   131.906   132.469   133.031   133.594   134.156
   134.719   135.281   135.844   136.406   136.969   137.531   138.094   138.656
   139.219   139.781   140.344   140.906   141.469   142.031   142.594   143.156
   143.719   144.281   144.844   145.406   145.969   146.531   147.094   147.656
   148.219   148.781   149.344   149.906   150.469   151.031   151.594   152.156
   152.719   153.281   153.844   154.406   154.969   155.531   156.094   156.656
   157.219   157.781   158.344   158.906   159.469   160.031   160.594   161.156
   161.719   162.281   162.844   163.406   163.969   164.531   165.094   165.656
   166.219   166.781   167.344   167.906   168.469   169.031   169.594   170.156
   170.719   171.281   171.844   172.406   172.969   173.531   174.094   174.656
   175.219   175.781   176.344   176.906   177.469   178.031   178.594   179.156
   -90.152   -89.443   -88.885   -88.324   -87.763   -87.202   -86.640   -86.079
   -85.518   -84.956   -84.394   -83.833   -83.271   -82.710   -82.148   -81.587
   -81.025   -80.463   -79.902   -79.340   -78.779   -78.217   -77.655   -77.094
   -76.532   -75.971   -75.409   -74.847   -74.286   -73.724   -73.162   -72.601
   -72.039   -71.478   -70.916   -70.354   -69.793   -69.231   -68.670   -68.108
   -67.546   -66.985   -66.423   -65.861   -65.300   -64.738   -64.177   -63.615
   -63.053   -62.492   -61.930   -61.369   -60.807   -60.245   -59.684   -59.122
   -58.560   -57.999   -57.437   -56.876   -56.314   -55.752   -55.191   -54.629
   -54.067   -53.506   -52.944   -52.383   -51.821   -51.259   -50.698   -50.136
   -49.575   -49.013   -48.451   -47.890   -47.328   -46.766   -46.205   -45.643
   -45.082   -44.520   -43.958   -43.397   -42.835   -42.273   -41.712   -41.150
   -40.589   -40.027   -39.465   -38.904   -38.342   -37.780   -37.219   -36.657
   -36.096   -35.534   -34.972   -34.411   -33.849   -33.287   -32.726   -32.164
   -31.603   -31.041   -30.479   -29.918   -29.356   -28.795   -28.233   -27.671
   -27.110   -26.548   -25.986   -25.425   -24.863   -24.302   -23.740   -23.178
   -22.617   -22.055   -21.493   -20.932   -20.370   -19.809   -19.247   -18.685
   -18.124   -17.562   -17.000   -16.439   -15.877   -15.316   -14.754   -14.192
   -13.631   -13.069   -12.507   -11.946   -11.384   -10.823   -10.261    -9.699
    -9.138    -8.576    -8.015    -7.453    -6.891    -6.330    -5.768    -5.206
    -4.645    -4.083    -3.522    -2.960    -2.398    -1.837    -1.275    -0.713
    -0.152     0.410     0.971     1.533     2.095     2.656     3.218     3.780
     4.341     4.903     5.464     6.026     6.588     7.149     7.711     8.273
     8.834     9.396     9.957    10.519    11.081    11.642    12.204    12.765
    13.327    13.889    14.450    15.012    15.574    16.135    16.697    17.258
    17.820    18.382    18.943    19.505    20.067    20.628    21.190    21.751
    22.313    22.875    23.436    23.998    24.560    25.121    25.683    26.244
    26.806    27.368    27.929    28.491    29.053    29.614    30.176    30.737
    31.299    31.861    32.422    32.984    33.545    34.107    34.669    35.230
    35.792    36.354    36.915    37.477    38.038    38.600    39.162    39.723
    40.285    40.847    41.408    41.970    42.531    43.093    43.655    44.216
    44.778    45.340    45.901    46.463    47.024    47.586    48.148    48.709
    49.271    49.833    50.394    50.956    51.517    52.079    52.641    53.202
    53.764    54.325    54.887    55.449    56.010    56.572    57.134    57.695
    58.257    58.818    59.380    59.942    60.503    61.065    61.627    62.188
    62.750    63.311    63.873    64.435    64.996    65.558    66.119    66.681
    67.243    67.804    68.366    68.928    69.489    70.051    70.612    71.174
    71.736    72.297    72.859    73.420    73.982    74.544    75.105    75.667
    76.229    76.790    77.352    77.913    78.475    79.037    79.598    80.160
    80.721    81.283    81.845    82.406    82.968    83.529    84.091    84.652
    85.214    85.776    86.337    86.898    87.460    88.021    88.581    89.140
