 0000000000000000000000000000000000000000
 0000000000000000000000000000000000000000
 0000000000000000000000000000000000000000
 0000000000000000000000000000000000000000
 0000000000000000000000000000000000000000
 0000000000000000000000000000000000000000
 0000000000000000000000000000000000000000
 0000000000000000000000000000000000000000
 0000000000000000000000000000000000000000
 0000000000000000000000000000000000000000
 0000000000000000000000000000000000000000
 0000000000000000000000000000000000000000
 0000000000000000000000000000000000000000
 0000000000000000000000000000000000000000
 0000000000000000000000000000000000000000
 0000000000000000000000000000000000000000
 0000000000000000000000000000000000000000
 0000000000000000000000000000000000000000
 0000000000000000000000000000000000000000
 0000000000000000000000000000000000000000
 0000000000000000000000000000000000000000
 0000000000000000000000000000000000000000
 0000000000000000000000000000000000000000
 0000000000000000000000000000000000000000
 0000000000000000000000000000000000000000
 0000000000000000000000000000000000000000
 0000000000000000000000000000000000000000
 0000000000000000000000000000000000000000
 0000000000000000000000000000000000000000
 0000000000000000000000000000000000000000
 0000000000000000000000000000000000000000
 0000000000000000000000000000000000000000
 0000000000000000000000000000000000000000
 0000000000000000000000000000000000000000
 0000000000000000000000000000000000000000
 0000000000000000000000000000000000000000
 0000000000000000000000000000000000000000
 0000000000000000000000000000000000000000
 0000000000000000000000000000000000000000
 0000000000000000000000000000000000000000
 0000000000000000000000000000000000000000
 0000000000000000000000000000000000000000
 0000000000000000000000000000000000000000
 0000000000000000000000000000000000000000
 0000000000000000000000000000000000000000
 0000000000000000000000000000000000000000
 0000000000000000000000000000000000000000
 0000000000000000000000000000000000000000
 0000000000000000000000000000000000000000
 0000000000000000000000000000000000000000
 0000000000000000000000000000000000000000
 0000000000000000000000000000000000000000
 0000000000000000000000000000000000000000
 0000000000000000000000000000000000000000
 0000000000000000000000000000000000000000
 0000000000000000000000000000000000000000
 0000000000000000000000000000000000000000
 0000000000000000000000000000000000000000
 0000000000000000000000000000000000000000
 0000000000000000000000000000000000000000
 0000000000000000000000000000000000000000
 0000000000000000000000000000000000000000
 0000000000000000000000000000000000000000
 0000000000000000000000000000000000000000
 0000000000000000000000000000000000000000
 0000000000000000000000000000000000000000
 0000000000000000000000000000000000000000
 0000000000000000000000000000000000000000
 0000000000000000000000000000000000000000
 0000000000000000000000000000000000000000
 0000000000000000000000000000000000000000
 0000000000000000000000000000000000000000
 0000000000000000000000000000000000000000
 0000000000000000000000000000000000000000
 0000000000000000000000000000000000000000
 0000000000000000000000000000000000000000
 0000000000000000000000000000000000000000
 0000000000000000000000000000000000000000
 0000000000000000000000000000000000000000
 0000000000000000000000000000000000000000
 0000000000000000000000000000000000000000
 0000000000000000000000000000000000000000
 0000000000000000000000000000000000000000
 0000000000000000000000000000000000000000
 0000000000000000000000000000000000000000
 0000000000000000000000000000000000000000
 0000000000000000000000000000000000000000
 0000000000000000000000000000000000000000
 0000000000000000000000000000000000000000
 0000000000000000000000000000000000000000
 0000000000000000000000000000000000000000
 0000000000000000000000000000000000000000
 0000000000000000000000000000000000000000
 0000000000000000000000000000000000000000
 0000000000000000000000000000000000000000
 0000000000000000000000000000000000000000
 0000000000000000000000000000000000000000
 0000000000000000000000000000000000000000
 0000000000000000000000000000000000000000
 0000000000000000000000000000000000000000
 0000000000000000000000000000000000000000
 0000000000000000000000000000000000000000
 0000000000000000000000000000000000000000
 0000000000000000000000000000000000000000
 0000000000000000000000000000000000000000
 0000000000000000000000000000000000000000
 0000000000000000000000000000000000000000
 0000000000000000000000000000000000000000
 0000000000000000000000000000000000000000
 0000000000000000000000000000000000000000
 0000000000000000000000000000000000000000
 0000000000000000000000000000000000000000
 0000000000000000000000000000000000000000
 0000000000000000000000000000000000000000
 0000000000000000000000000000000000000055
 0000000000000000000000055500055555555555
 0000000000000000000005555555555555555555
 0000000000000000055555555555555555555555
 0000000000000555555555555555555555555555
 0000000555555555555555555555555555555555
 0000005555555555555555555555555555555555
 0000555555555555555555555555555555555555
 5555555555555555555555555555555555555555
 5555555555555555555555555555555555555555
 5555555555555555555555555555555555555555
 5555555555555555555555555555555555555555
 5555555555555555555555555555555555555555
 5555555555555555555555555555555555555555
 5555555555555555555555555555555555555555
 5555555555555555555555555555555555555555
 5555555555555555555555555555555555555555
 5555555555555555555555555555555555555555
 5555555555555555555555555555555555555555
 5555555555555555555555555555555555555555
 5555555555555555555555555555555555555555
 5555555555555555555555555555555555555555
 5555555555555555555555555555555555555555
 5555555555555555555555555555555555555555
 5555555555555555555555555555555555555555
 5555555555555555555555555555555555555555
 5555555555555555555555555555555555555555
 5555555555555555555555555555555555555555
 5555555555555555555555555555555555555555
 5555555555555555555555555555555555555555
 5555555555555555555555555555555555555555
 5555555555555555555555555555555555555555
 5555555555555555555555555555555555555555
 5555555555555555555555555555555555555555
 5555555555555555555555555555555555555555
 5555555555555555555555555555555555555555
