 000000555555555000555000005555550005555555555555555555555500555555555555555555555555555555555555555555555555555555555555555555555555555555555555555555
 000000000000000000555555000000000055555555555555555550000000000055555555555555555555555555555555555555555555555555555555555555555555555555555555555555
 000000000000000000000000000000000055555555555555555000000000000055555555555555555555555555555555555555555555555555555555555555555555555555555555555555
 000000000000000000055555000000005555555555555555555500000000000000055555555555555555555555555555555555555555555555555555555555555555555555555555555555
 000000055555555550000000000555550000000000000000000000000000000000000555000000000055555555555555555555555555555555555555555555555555555555555555555555
 555000000000555500005550000555555555005555555550000000000000000000000000000000000000000555555555555555555555555555555555555555555555555555555555555555
 500000000000000000005555500555555555555555555555500000000000000000000000000000000000000555555555555555555555555555555555555555555555555555555555555555
 000000000000000000000000000000000000000000000000000000000000000000000000000000000000000005555555555555555555555555555555555555555555555555555555555555
 000000000000005555005555555550000000000000000000000000000000000000000000000000000000000000005555555555555555555555555555555555555555555555555555555555
 555550000000555500005555555550005555550055555555555555000000000000000000000000000000000000005555555555555555555555555555555555555555555555555555555555
 555500055555555555550555550000055555555555555555555555550000000000000000000000000000000000055555555555555555555555555555555555555555555555555555555555
 555500000005555555550555000000055555555555555555555555555500000000000000000000000000000000055555555555555555555555555555555555555555555555555555555555
 555555000000055555000555000000055555555555555555555555555555000000000000000000000000000000055555555555555555555555555555555555555555555555555555555555
 555555000000000000055555550000055555555555555555555555555555555500000000000000000000000000000000055555555555555555555555555555555555555555555555550555
 555555550000000000055555555500000555555555555555555555555555555555550000000000000000000000000555555555555555555555555555555555555555555555555555550000
 555555555550000000005555550000000000000555555000055055555555555555555550000000000000000000005555555555555555555555555555555555555555555555555555555555
 555555555000000055550000555555000000000555555000000000005555555555555550000000000000000000000055000055555555555555555555555555555555555555555555555500
 000000000000000555550005555555055550000055555500000000000055555555555500000000000000000000000000000055555555555555555555555555555555555555555555500000
 055550000000000055000005555555555550005555555000000000050000555555555550000000000000000000000000555555555555555555555555555555555555555555000000000000
 555555555555555555550555555555555550555555555000000005550000055555555555555500000000000000000005555555555555555555555555555555555550000000000000000000
 555555555555555555555555555555555555555555555500000000000000055555555555555555000000000000000005555555555555555555555555555555555550000000000000000000
 555555555555555555555555555555555555555555500000000000000000555555555555555555555000000000000000555555555555555555555555555555555500000000000000000000
 555555555555555555555555555555555555550000000000000000000055555555555500055555550000000000000000555555555555555555555555555555000000000000000000000055
 555555555555555555555555555555555555005500000000000000000055555555555550000555000000000000000000555555555555555555555555000000000000000000000000000000
 555555555555555555555555555555555550005555500000000555555555555555555555500000000000000000000000005555555555555555555500000000000000000000000000000000
 555555555555555555555555555555555550005555555500000055500000555555555555555000000000000000000000005555555555555555555500000000000000000000000000000000
 555555555555555555555555555555000000555550005550000000000000005555555555555500000000000000000000005555555555555555555500000000000000000000000000000000
 555555555555555555555555555555000000000000000000000000000000000555555555555500000000000000000000000055555555555555555500000000000000000000000000000000
 555555555555555555555555555000000000000000555000000000000000000000055550000000000000000000000000000005555555555555550000000000000000000000000000000000
 555555555555555555555555500000000000000000000000500055555555500000000005500000000000000000000000000000555555555555550000000000000000000000000000000000
 555555555555555555555555000000000000000000000000000055555555550000000000000000000000000000000000000000005555555555000000000000000000000000000000000000
 555555555555555555555500000000000000000000000000000055555555555555500000000000000000000000000000000000000555555555000000000000000000000000000000000000
 555555555555555555555500000000000000000000000000000005555555555555500000000000000000000000000000000000000000005555000000000000000000000000000000000000
 555555555555555555555500000000000000000000000000000005555555555555500000005500000000000000000000000000000000000000000000000000000000000000000000000000
 555555555555555555555000000000000000000000000000000005555555555555500000005550000000000000000000000000000000000000000000000000000000000000000000000000
 555555555555555555555555000000000000000000000000000555555555555555550000055555000000000000000000000000000000000000000000000000000000000000000000000000
 555555555555555555555555550000000000000000000000000005555555555555555555555555550000000000000000000000000000000000000000000000000000000000000000000000
 555555555555555555555555550000000000000000000000000000555555555555555555555555555000000000000000000000000000000000000000000000000000000000000000000000
 555555555555555555555555555555500000000000000000000000555555555555555555555555555000000000000000000000000000000000000000000000000000000000000000000000
 555555555555555555555555555555555500000000000000000000055555555555555555555555555000000000000000000000000000000000000000000000000000000000000000000000
 555555555555555555555555555555555555500000000000000000555555555555555555555555555500000000000000000000000000000000000000000000000000000000000000000000
 555555555555555555555555555555555555555000000000000055555555555555555555555555555550000000000000000000000000000000000000000000000000000000000000000000
 555555555555555555555555555555555555555555555000005555555555555555555555555555555555555000000000000000000000000000000000000000000000000000000000000000
 555555555555555555555555555555555555555555550000005555555555555555555555555555555555555550000000000000000000000000000000000000000000000000000000000000
 555555555555555555555555555555555555555555555000005555555555555555555555555555555555555555000000000000000000000000000000000000000000000000000000000000
 555555555555555555555555555555555555555555555500005555555555555555555555555555555555555555500000000000000000000000000000000000000000000000000000000000
 555555555555555555555555555555555555555555555000000555555555555555555555555555555555555555500000000000000000000000000000000000000000000000000000000000
 555555555555555555555555555555555555555555555500005555555555555555555555555555555555555555500000000000000000000000000000000000000000000000000000000000
 555555555555555555555555555555555555555555555550055555555555555555555555555555555555555000500000000000000000000000000000000000000000000000000000000000
 555555555555555555555555555555555555555555555555555555555555555555555555555555555555500005500000000000000000000000000000000000000000000000000000000000
 555555555555555555555555555555555555555555555555555555555555555555555555555505555555000055500000000000000000000000000000000000000000000000000000000000
 555555555555555555555555555555555555555555555555555555555555555555555550000005500000000555550000000000000000000000000000000000000000000000000000000000
 555555555555555555555555555555555555555555555555555555555555555555555000555500050000000555555550000000000000000000000000000000000000000000000000000000
 555555555555555555555555555555555555555555555555555555555555555555550555555500000000005555555550000000000000000000000000000000000000000000000000000000
 555555555555555555555555555555555555555555555555555555555555555555505555555000000000055555555550000000000000000000000000000000000000000000000000000000
 555555555555555555555555555555555555555555555555555555555555555555555555555500000000000000005505000000000000000000000000000000000000000000000000000000
 555555555555555555555555555555555555555555555555555555555555555555555555555000000000000000000005000000000000000000000000000000000000000000000000000000
 555555555555555555555555555555555555555555555555555555555555555555555555555500500555000000000000000000000000000000000000000000000000000000000000000000
 555555555555555555555555555555555555555555555555555555555555555555555555555555500555000000000000000000000000000000000000000000000000000000000000000000
 555555555555555555555555555555555555555555555555555555555555555555555555000055555000000000000000000000000000000000000000000000000000000000000000000000
 555555555555555555555555555555555555555555555555555555555555555555555550055555000000000000000000000000000000000000000000000000000000000000000000000000
 555555555555555555555555555555555555555555555555555555555555555555550000055500000000000000000000000000000000000000000000000000000000000000000000000000
 555555555555555555555555555555555555555555555555555555555555555555000000000000000000000000000000000000000000000000000000000000000000000000000000000000
 555555555555555555555555555555555555555555555555555555555555555500000000000000000000000000000000000000000000000000000000000000000000000000000000000000
 555555555555555555555555555555555555555555555555555555555555555500000000000000000000000000000000000000000000000000000000000000000000000000000000000000
 555555555555555555555555555555555555555555555555555555555555555555000000000000000000000000000000000000000000000000000000000000000000000000000000000000
 555555555555555555555555555555555555555555555555555555555555550000000000000000000000000000000000000000000000000000000000000000000000000000000000000000
 555555555555555555555555555555555555555555555555555555555555000000000000000000000000000000000000000000000000000000000000000000000000000000000000000000
 555555555555555555555555555555555555555555555555555555555550000000000000000000000000000000000000000000000000000000000000000000000000000000000000000000
 555555555555555555555555555555555555555555555555555555555500000000000000000000000000000000000000000000000000000000000000000000000000000000000000000000
 555555555555555555555555555555555555555555555555555555555000000000000000000000000000000000000000000000000000000000000000000000000000000000000000000000
 555555555555555555555555555555555555555555555555555555555000000000000000000000000000000000000000000000000000000000000000000000000000000000000000000000
 555555555555555555555555555555555555555555555555555555500000000000000000000000000000000000000000000000000000000000000000000000000000000000000000000000
 555555555555555555555555555555555555555555555555555555500000000000000000000000000000000000000000000000000000000000000000000000000000000000000000000000
 555555555555555555555555555555555555555555555555555555500000000000000000000000000000000000000000000000000000000000000000000000000000000000000000000000
 555555555555555555555555555555555555555555555555555555500000000000000000000000000000000000000000000000000000000000000000000000000000000000000000000000
 555555555555555555555555555555555555555555555555555555550000000000000000000000000000000000000000000000000000000000000000000000000000000000000000000000
 555555555555555555555555555555555555555555555555555555000000000000000000000000000000000000000000000000000000000000000000000000000000000000000000000000
 555555555555555555555555555555555555555555555555555550000000000000000000000000000000000000000000000000000000000000000000000000000000000000000000000000
 555555555555555555555555555555555555555555555555555500000000000000000000000000000000000000000000000000000000000000000000000000000000000000000000000000
 555555555555555555555555555555555555555555555555550000000000000000000000000000000000000000000000000000000000000000000000000000000000000000000000000000
 555555555555555555555555555555555555555555555555500000000000000000000000000000000000000000000000000000000000000000000000000000000000000000000000000000
 555555555555555555555555555555555555555555555550000000000000000000000000000000000000000000000000000000000000000000000000000000000000000000000000000000
 555555555555555555555555555555555555555555555500000000000000000000000000000000000000000000000000000000000000000000000000000000000000000000000000000000
 555555555555555555555555555555555555555555555500000000000000000000000000000000000000000000000000000000000000000000000000000000000000000000000000000000
 555555555555555555555555555555555555555555555500000000000000000000000000000000000000000000000000000000000000000000000000000000000000000000000000000000
 555555555555555555555555555555000000005555555500000000000000000000000000000000000000000000000000000000000000000000000000000000000000000000000000000000
 555555555555555555555500000055000000000000555500000000000000000000000000000000000000000000000000000000000000000000000000000000000000000000000000000000
 555555555555555555555000000000000000000000055550000000000000000000000000000000000000000000000000000000000000000000000000000000000000000000000000000000
 555555555555555555500000000000000000000000055550000000000000000000000000000000000000000000000000000000000000000000000000000000000000000000000000000000
 555555555555555555000000000000000000000000005555000000000000000000000000000000000000000000000000000000000000000000000000000000000000000000000000000000
 555555555555555550000000000000000000000000005555000000000000000000000000000000000000000000000000000000000000000000000000000000000000000000000000000000
 555555555555555550000000000000000000000000000555000000000000000000000000000000000000000000000000000000000000000000000000000000000000000000000000000000
 555555555555555555000000000000000000000000000555000000000000000000000000000000000000000000000000000000000000000000000000000000000000000000000000000000
 555555555555555555000000000000000000000000000055000000000000000000000000000000000000000000000000000000000000000000000000000000000000000000000000000000
 555555555555555550000000000000000000000000000000000000000000000000000000000000000000000000000000000000000000000000000000000000000000000000000000000000
 555555555555555550000000000000000000000000000000000000000000000000000000000000000000000000000000000000000000000000000000000000000000000000000000000000
 555555555555555550000000000000000000000000000000000000000000000000000000000000000000000000000000000000000000000000000000000000000000000000000000000000
 055555555555555550000000000000000000000000000000000000000000000000000000000000000000000000000000000000000000000000000000000000000000000000000000000000
 005555555555555550000000000000000000000000555555500000000000000000000000000000000000000000000000000000000000000000000000000000000000000000000000000000
 000555555555555550000000000000000000000055000555555000000000000000000000000000000000000000000000000000000000000000000000000000000000000000000000000000
 000555555555555550000000000000000000000000000000055550000000000000000000000000000000000000000000000000000000000000000000000000000000000000000000000000
 000555555555555550000000000000555555000000000000000555550000000000000000000000000000000000000000000000000000000000000000000000000000000000000000000000
 000555555555555555000000000000555555000000000000000005555500000000000000000000000000000000000000000000000000000000000000000000000000000000000000000000
 000555555555555555500000000000555550000000000000000005005000000000000000000000000000000000000000000000000000000000000000000000000000000000000000000000
 000055555555555555500000000005555550000000000000000000000000055555500000000000000000000000000000000000000000000000000000000000000000000000000000000000
 000000555555555555550000000055555550000000000000000000000000055555555000000000000000000000000000000000000000000000000000000000000000000000000000000000
 000000055555555555555500555555555500000000000000000055000005555505000005550000000000000000000000000000000000000000000000000000000000000000000000000000
 000000000055555555555555555555555500000000000000000000000000000000000000000000000000000000000000000000000000000000000000000000000000000000000000000000
 000000000005555555555555555555555500000000000000000000000000000000000000000000000000000000000000000000000000000000000000000000000000000000000000000000
 000000000000000555555555555555555000000000000000000000000000000000000000000000000000000000000000000000000000000000000000000000000000000000000000000000
 000000000000000005555000555555555000000000000000000000000000000000000000000000000000000000000000000000000000000000000000000000000000000000000000000000
 000000000000000000000000055555555555555550000000000000000000000000000000000000000000000000000000000000000000000000000000000000000000000000000000000000
 000000000000000000000000005555555555555555000000000000000000000000000000000000000000000000000000000000000000000000000000000000000000000000000000000000
 000000000000000000000000000555555555555555000000000000000000000000000000000000000000000000000000000000000000000000000000000000000000000000000000000000
 000000000000000000000000000000555555555555000000000000000000000000000000000000000000000000000000000000000000000000000000000000000000000000000000000000
 000000000000000000000000000000000505555555000000000000000000000000000000000000000000000000000000000000000000000000000000000000000000000000000000000000
 000000000000000000000000000000000005555555000000000000000000000000000000000000000000000000000000000000000000000000000000000000000000000000000000000000
 000000000000000000000000000000000000555555000000000000000000005500000000000000000000000000000000000000000000000000000000000000000000000000000000000000
 000000000000000000000000000000000000050555000000000000000000055000500000000000000000000000000000000000000000000000000000000000000000000000000000000000
 000000000000000000000000000000000000005555000000000000000555555055555000000000000000000000000000000000000000000000000000000000000000000000000000000000
 000000000000000000000000000000000000005555000000000000005555555555555555500055500500000000000000000000000000000000000000000000000000000000000000000000
 000000000000000000000000000000000000000055500000000000005555555555555555555555555000000000000000000000000000000000000000000000000000000000000000000000
 000000000000000000000000000000000000000005550000555500055555555555555555555555555500000000000000000000000000000000000000000000000000000000000000000000
 000000000000000000000000000000000000000000555555500550555555555555555555555555555550000000000000000000000000000000000000000000000000000000000000000000
 000000000000000000000000000000000000000000000555000555555555555555555555555555555555500000000000000000000000000000000000000000000000000000000000000000
 000000000000000000000000000000000000000000000055000555555555555555555555555555555555550000000000000000000000000000000000000000000000000000000000000000
 000000000000000000000000000000000000000000000000000055555555555555555555555555555555555000000000000000000000000000000000000000000000000000000000000000
 000000000000000000000000000000000000000000000000000005555555555555555555555555555555555500000000000000000000000000000000000000000000000000000000000000
 000000000000000000000000000000000000000000000000000005555555555555555555555555555555555555055500000000000000000000000000000000000000000000000000000000
 000000000000000000000000000000000000000000000000000005555555555555555555555555555555555555555555500000000000000000000000000000000000000000000000000000
 000000000000000000000000000000000000000000000000000005555555555555555555555555555555555555555555550000000000000000000000000000000000000000000000000000
 000000000000000000000000000000000000000000000000000005555555555555555555555555555555555555555555555000000000000000000000000000000000000000000000000000
 000000000000000000000000000000000000000000000000000005555555555555555555555555555555555555555555555500000000000000000000000000000000000000000000000000
 000000000000000000000000000000000000000000000000000005555555555555555555555555555555555555555555555500000000000000000000000000000000000000000000000000
 000000000000000000000000000000000000000000000000000555555555555555555555555555555555555555555555555500000000000000000000000000000000000000000000000000
 000000000000000000000000000000000000000000000000000555555555555555555555555555555555555555555555555550000000000000000000000000000000000000000000000000
 000000000000000000000000000000000000000000000000005555555555555555555555555555555555555555555555555555000000000000000000000000000000000000000000000000
 000000000000000000000000000000000000000000000000055555555555555555555555555555555555555555555555555550000000000000000000000000000000000000000000000000
 000000000000000000000000000000000000000000000000555555555555555555555555555555555555555555555555555555000000000000000000000000000000000000000000000000
 000000000000000000000000000000000000000000000000555555555555555555555555555555555555555555555555555555550000000000000000000000000000000000000000000000
 000000000000000000000000000050000000000000000005555555555555555555555555555555555555555555555555555555550550000000000000000000000000000000000000000000
 000000000000000000000000000000000000000000000005555555555555555555555555555555555555555555555555555555555555550000000000000000000000000000000000000000
 000000000000000000000000000000000000000000000005555555555555555555555555555555555555555555555555555555555555555000000000000000000000000000000000000000
 000000000000000000000000000000000000000000000005555555555555555555555555555555555555555555555555555555555555555505000000000000000000000000000000000000
 000000000000000000000000000000000000000000000000555555555555555555555555555555555555555555555555555555555555555555555555000000000000000000000000000000
 000000000000000000000000000000000000000000000005555555555555555555555555555555555555555555555555555555555555555555555555550000000000000000000000000000
 000000000000000000000000000000000000000000000055555555555555555555555555555555555555555555555555555555555555555555555555555000000000000000000000000000
 000000000000000000000000000000000000000000000055555555555555555555555555555555555555555555555555555555555555555555555555555500000000000000000000000000
 000000000000000000000000000000000000000000000055555555555555555555555555555555555555555555555555555555555555555555555555555555550000000000000000000000
