 000000000000000000000000000000000000000000000000000000000000000000000000000000000000000005000000555555555555555500055550000000500000000000000000000000
 000000000000000000000000000000000000005555500000000000000000000000000000000000000000000005000000055555555555555550000000000000550000000000000000000000
 000000000000000000000000000000000000000555555555555550000000000000000000000000000000000000000000055555555555555500000000000000000500000000000000000000
 000000000000000000000000000000000000000000555555555000000000000000000000000000000000000000000000555555555550555550000000000000000000000000000000000000
 000000000000000000000000000000000000000000000005555555050000000000000000000000000000000000000005550555555500005555000000000000000000000000000000000000
 000000000000000000000000000000000000000000000000000000000555050055500000055500000000000000000000000055555000000555000000000000000000000000000000000000
 000000000000000000000000000000000000000000000000000000000000000000000005550000000000000000000000000000000000000055550000000000000000000000000000000000
 000000000000000000000000000000000000000000000000000000000000000550000055000000000000000000000000000000000000000005555000000000000000000500000000000000
 000000000000000000000000000000000000000000000000000000000000000000000000000000000000000000000000000000000000000000000500000000000000000000000000000000
 000000000000000000000000000000000000000000000000000000000000000000000000000000000000000000000000000000050000000000000000000000000000000000000000000000
 000000000000000000000000000000000000000000000000000000000000000000000000000000000055005000000000000000050000000000000000000000000000000000000000000000
 000000000000000000000000000000000000000000000000000000000000000000000000000000000000005555000000000000055000000000000000000000000000000000000000000000
 000000000000000000000000000000000000000000000000000000000000000000000000000000000005555555555000000000055000000000000000000000000000000000000000000000
 000000000000000000000000000000000000000000000000000000000000000000000000000000000055555555555000000000555500000000000000000000000000000000000000000000
 000000000000000000000000000000000000000000000000000000000000000000000000000000000555555555550000000000555500000000000000000000000000000000000000000000
 000000000000000000000000000000000000000000000000000000000000000000000000000555000555555555550000000000555500000000000000000000000000000000000000000000
 000000000000000000000000000000000000000000000000000000000000000000000000055555550555555555500000000000555555500000000000000000000000000000000000000000
 000000000000000000000000000000000000000000000000000000000000000000000000555555555555555555555000000000555555500000000000000000000000000000000000000500
 000000000000000000000000000000000000000000000000000000000000000000000000555555555555555555555500000000555555500000000000000000000000000000000000000000
 000000000000000000000000000000000000000000000000000000000000000000000055555555555555555555555555000000555555500000000000000000000000000000000000000000
 000000000000000000000000000000000000000000000000000000000000000000005555555555555555555555555555550005555555550000000000000000000000000000000000000000
 000000000000000000000000000000000000000000000000000000000000000000005555555555555555555555555555555555555555550000000000000000000000000000000000000000
 000000000000000000000000000000000000000000000000000000000000000000005555555555555555555555555555555555555555550000000000000000000000000000000000000000
 000000000000000000000000000000000000000000000000000000000000000000055555555555555555555555555555555555555555555000000000000000000000000000000000000000
 000000000000000000000000000000000000000000000000000000000000000000555555555555555555555555555555555555555555555500000000000000000000000000000000000000
 000000000000000000000000000000000000000000000000000000000000000055555555555555555555555555555555555555555555555555000000000000000000000000000000000000
 000000000000000000000000000000000000000000000000000000000000555555555555555555555555555555555555555555555555555555500000000000000000000000000050000000
 000000000000000000000000000000000000000000000000000000000555555555555555555555555555555555555555555555555555555555550000000000000000000000000005500000
 000000000000000000000000000000000000000000000000000000055555555555555555555555555555555555555555555555555555555555550000000000000000000000000000050000
 000000000000000000000000000000000000000000000000000000555555555555555555555555555555555555555555555555555555555555550000000000000000000000000000005000
 000000000000000000000000000000000000000000000000000005555555555555555555555555555555555555555555555555555555555555555500000000000000000000000000000000
 000000000000000000000000000000000000000000000000000005555555555555555555555555555555555555555555555555555555555555555550000000000000000000000000000000
 000000000000000000000000000000000000000000000000000055555555555555555555555555555555555555555555555555555555555555555555000000000000000000000000000000
 000000000000000000000000000000000000000000000000000055555555555555555555555555555555555555555555555555555555555555555555500000000000000000000000000000
 000000000000000000000000000000000000000000000000000005555555555555555555555555555555555555555555555555555555555555555555550000000000000000000000000000
 000000000000000000000000000000000000000000000000000005555555555555555555555555555555555555555555555555555555555555555555555000000000000000000000000000
 000000000000000000000000000000000000000000000000000000555555555555555555555555555555555555555555555555555555555555555555555000000000000000000000000000
 000000000000000000000000000000000000000000000000000005555555555555555555555555555555555555555555555555555555555555555555555000000000000000000000000000
 000000000000000000000000000000000000000000000000000005555555555555555555555555555555555555555555555555555555555555555555555000000000000000000000000000
 000000000000000000000000000000000000000000000000000005555555555555555555555555555555555555555555555555555555555555555555555000000000000000000000000000
 000000000000000000000000000000000000000000000000000000555555555555555555555555555555555555555555555555555555555555555555555000000000000000000000000000
 000000000000000000000000000000000000000000000000000000555555555555555555555555555555555555555555555555555555555555555555555000000000000000000000000000
 000000000000000000000000000000000000000000000000000000055555555555555555555555555555555555555555555555555555555555555555555000000000000000000000000000
 000000000000000000000000000000000000000000000000000000055555555555555555555555555555555555555555555555555555555555555555555000000000000000000000000000
 000000000000000000000000000000000000000000000000000000055555555555555555555555555555555555555555555555555555555555555555555000000000000000000000000000
 000000000000000000000000000000000000000000000000000000005555555555555555555555555555555555555555555555555555555555555555550000000000000000000000000000
 000000000000000000000000000000000000000000000000000000005555555555555555555555550000055555555555555555555555555555555555550000000000000000000000000000
 000000000000000000000000000000000000000000000000000000005555555555555555555550000000000055555555555555555555555555555555550000000000000000000000000000
 000000000000000000000000000000000000000000000000000000005555555555555555000000000000000005555555555555555555555555555555000000000000000000000000000000
 000000000000000000000000000000000000000000000000000000005555555555555550000000000000000000555550555555555555555555555555000000000000000000000000000000
 000000000000000000000000000000000000000000000000000000055555555500000000000000000000000000055005555555555555555555555550000000000000000000000000000000
 000000000000000000000000000000000000000000000000000000005555550000000000000000000000000000050005555555555555555555555550000000000000000000000000000000
 000000000000000000000000000000000000000000000000000000000000000000000000000000000000000000000000055555555555555555555500000000000000000000000000000000
 000000000000000000000000000000000000000000000000000000000000000000000000000000000000000000000050005555555555555555555500000000000000000000000000000000
 000000000000000000000000000000000000000000000000000000000000000000000000000000000000000000000000000555555555555555555000000000000000000000000000000000
 000000000000000000000000000000000000000000000000000000000000000000000000000000000000000000000000000555555555555555555000000000000000000000000000000000
 000000000000000000000000000000000000000000000000000000000000000000000000000000000000000000000000000555555555555555555000000000000000000000000000000000
 000000000000000000000000000000000000000000000000000000000000000000000000000000000000000000000000000055555555555550000000000000000000000000000000000000
 000000000000000000000000000000000000000000000000000000000000000000000000000000000000000000000000000000005550055500000000000000000000000000000000000000
 000000000000000000000000000000000000000000000000000000000000000000000000000000000000000000000000000000000000000000000000000000000000000000000000000000
 000000000000000000000000000000000000000000000000000000000000000000000000000000000000000000000000000000000000000000000000000000000000000000000000000000
 000000000000000000000000000000000000000000000000000000000000000000000000000000000000000000000000000000000000000000000000000000000000000000000000000000
 000000000000000000000000000000000000000000000000000000000000000000000000000000000000000000000000000000000000000000000000000000000000000000000000000000
 000000000000000000000000000000000000000000000000000000000000000000000000000000000000000000000000000000000000555555000000000000000000000000000000000000
 000000000000000000000000000000000000000000000000000000000000000000000000000000000000000000000000000000000000055555000000000000000000000000000000000000
 000000000000000000000000000000000000000000000000000000000000000000000000000000000000000000000000000000000000055550000000000000000000000000000000000000
 000000000000000000000000000000000000000000000000000000000000000000000000000000000000000000000000000000000000055550000000000000000000000000000000000000
 000000000000000000000000000000000000000000000000000000000000000000000000000000000000000000000000000000000000000000000000000000000000000000000000000000
 000000000000000000000000000000000000000000000000000000000000000000000000000000000000000000000000000000000000000000000000000000000000000000000000000000
 000000000000000000000000000000000000000000000000000000000000000000000000000000000000000000000000000000000000000000000000000000000000000000000000000055
 000000000000000000000000000000000000000000000000000000000000000000000000000000000000000000000000000000000000000000000000000000000000000000000000000555
 000000000000000000000000000000000000000000000000000000000000000000000000000000000000000000000000000000000000000000000000000000000000000000000000000555
 000000000000000000000000000000000000000000000000000000000000000000000000000000000000000000000000000000000000000000000000000000000000000000000000000005
 000000000000000000000000000000000000000000000000000000000000000000000000000000000000000000000000000000000000000000000000000000000000000000000000000000
 000000000000000000000000000000000000000000000000000000000000000000000000000000000000000000000000000000000000000000000000000000000000000000000000000000
 000000000000000000000000000000000000000000000000000000000000000000000000000000000000000000000000000000000000000000000000000000000000000000000000000000
 000000000000000000000000000000000000000000000000000000000000000000000000000000000000000000000000000000000000000000000000000000000000000000000000000000
 000000000000000000000000000000000000000000000000000000000000000000000000000000000000000000000000000000000000000000000000000000000000000000000000000000
 000000000000000000000000000000000000000000000000000000000000000000000000000000000000000000000000000000000000000000000000000000000000000000000000000000
 000000000000000000000000000000000000000000000000000000000000000000000000000000000000000000000000000000000000000000000000000000000000000000000000000000
 000000000000000000000000000000000000000000000000000000000000000000000000000000000000000000000000000000000000000000000000000000000000000000000000000000
 000000000000000000000000000000000000000000000000000000000000000000000000000000000000000000000000000000000000000000000000000000000000000000000000000000
 000000000000000000000000000000000000000000000000000000000000000000000000000000000000000000000000000000000000000000000000000000000000000000000000000000
 000000000000000000000000000000000000000000000000000000000000000000000000000000000000000000000000000000000000000000000000000000000000000000000000000000
 000000000000000000000000000000000000000000000000000000000000000000000000000000000000000000000000000000000000000000000000000000000000000000000000000000
 000000000000000000000000000000000000000000000000000000000000000000000000000000000000000000000000000000000000000000000000000000000000000000000000000000
 000000000000000000000000000000000000000000000000000000000000000000000000000000000000000000000000000000000000000000000000000000000000000000000000000000
 000000000000000000000000000000000000000000000000000000000000000000000000000000000000000000000000000000000000000000000000000000000000000000000000000000
 000000000000000000000000000000000000000000000000000000000000000000000000000000000000000000000000000000000000000000000000000000000000000000000000000000
 000000000000000000000000000000000000000000000000000000000000000000000000000000000000000000000000000000000000000000000000000000000000000000000000000000
 000000000000000000000000000000000000000000000000000000000000000000000000000000000000000000000000000000000000000000000000000000000000000000000000000000
 000000000000000000000000000000000000000000000000000000000000000000000000000000000000000000000000000000000000000000000000000000000000000000000000000000
 000000000000000000000000000000000000000000000000000000000000000000000000000000000000000000000000000000000000000000000000000000000000000000000000000000
 000000000000000000000000000000000000000000000000000000000000000000000000000000000000000000000000000000000000000000000000000000000000000000000000000000
 000000000000000000000000000000000000000000000000000000000000000000000000000000000000000000000000000000000000000000000000000000000000000000000000000000
 000000000000000000000000000000000000000000000000000000000000000000000000000000000000000000000000000000000000000000000000000000000000000000000000000000
 000000000000000000000000000000000000000000000000000000000000000000000000000000000000000000000000000000000000000000000000000000000000000000000000000000
 000000000000000000000000000000000000000000000000000000000000000000000000000000000000000000000000000000000000000000000000000000000000000000000000000000
 000000000000000000000000000000000000000000000000000000000000000000000000000000000000000000000000000000000000000000000000000000000000000000000000000000
 000000000000000000000000000000000000000000000000000000000000000000000000000000000000000000000000000000000000000000000000000000000000000000000000000000
 000000000000000000000000000000000000000000000000000000000000000000000000000000000000000000000000000000000000000000000000000000000000000000000000000000
 000000000000000000000000000000000000000000000000000000000000000000000000000000000000000000000000000000000000000000000000000000000000000000000000000000
 000000000000000000000000000000000000000000000000000000000000000000000000000000000000000000000000000000000000000000000000000000000000000000000000000000
 000000000000000000000000000000000000000000000000000000000000000000000000000000000000000000000000000000000000000000000000000000000000000000000000000000
 000000000000000000000000000000000000000000000000000000000000000000000000000000000000000000000000000000000000000000000000000000000000000000000000000000
 000000000000000000000000000000000000000000000000000000000000000000000000000000000000000000000000000000000000000000000000000000000000000000000000000000
 000000000000000000005550000000000555000000000000000000000000000000000000000000000000000000500000000000000000000000000000000000000000000000000000000000
 000000000000000000005555555555555555550000000000555550000000000000000000000000000000000000500000000000000000000000000000000000000000000000000000000000
 555555550000055055555555555555555555555550000055555555555500000000550055555500000555555555555555550000000000000000000000000000000000000000000000000000
 555555555555555555555555555555555555555555555555555555555555555555555555555555555555555555555555555555555555555000000000000000000000000000000000000000
 555555555555555555555555555555555555555555555555555555555555555555555555555555555555555555555555555555555555550000000000000000000000000000000000000000
 555555555555555555555555555555555555555555555555555555555555555555555555555555555555555555555555555555555555555555500000000000000000000000000000000000
 555555555555555555555555555555555555555555555555555555555555555555555555555555555555555555555555555555555555555555555555555555000000000000000000000000
 555555555555555555555555555555555555555555555555555555555555555555555555555555555555555555555555555555555555555555555555555555555555500000000000000000
 555555555555555555555555555555555555555555555555555555555555555555555555555555555555555555555555555555555555555555555555555555555555555000000000000000
 555555555555555555555555555555555555555555555555555555555555555555555555555555555555555555555555555555555555555555555555555555555555555555550000000000
 555555555555555555555555555555555555555555555555555555555555555555555555555555555555555555555555555555555555555555555555555555555555555555555555555555
 555555555555555555555555555555555555555555555555555555555555555555555555555555555555555555555555555555555555555555555555555555555555555555555555555555
 555555555555555555555555555555555555555555555555555555555555555555555555555555555555555555555555555555555555555555555555555555555555555555555555555555
 555555555555555555555555555555555555555555555555555555555555555555555555555555555555555555555555555555555555555555555555555555555555555555555555555555
 555555555555555555555555555555555555555555555555555555555555555555555555555555555555555555555555555555555555555555555555555555555555555555555555555555
 555555555555555555555555555555555555555555555555555555555555555555555555555555555555555555555555555555555555555555555555555555555555555555555555500000
 555555555555555555555555555555555555555555555555555555555555555555555555555555555555555555555555555555555555555555555555555555555555555555555555500000
 555555555555555555555555555555555555555555555555555555555555555555555555555555555555555555555555555555555555555555555555555555555555555555555550000000
 555555555555555555555555555555555555555555555555555555555555555555555555555555555555555555555555555555555555555555555555555555555555555555555000000000
 555555555555555555555555555555555555555555555555555555555555555555555555555555555555555555555555555555555555555555555555555555555555555555500000000000
 555555555555555555555555555555555555555555555555555555555555555555555555555555555555555555555555555555555555555555555555555555555555555555500000000000
 555555555555555555555555555555555555555555555555555555555555555555555555555555555555555555555555555555555555555555555555555555555555555555550000000000
 555555555555555555555555555555555555555555555555555555555555555555555555555555555555555555555555555555555555555555555555555555555555555555555550055555
 555555555555555555555555555555555555555555555555555555555555555555555555555555555555555555555555555555555555555555555555555555555555555555555555555555
 555555555555555555555555555555555555555555555555555555555555555555555555555555555555555555555555555555555555555555555555555555555555555555555555555555
 555555555555555555555555555555555555555555555555555555555555555555555555555555555555555555555555555555555555555555555555555555555555555555555555555555
 555555555555555555555555555555555555555555555555555555555555555555555555555555555555555555555555555555555555555555555555555555555555555555555555555555
 555555555555555555555555555555555555555555555555555555555555555555555555555555555555555555555555555555555555555555555555555555555555555555555555555555
 555555555555555555555555555555555555555555555555555555555555555555555555555555555555555555555555555555555555555555555555555555555555555555555555555555
 555555555555555555555555555555555555555555555555555555555555555555555555555555555555555555555555555555555555555555555555555555555555555555555555555555
 555555555555555555555555555555555555555555555555555555555555555555555555555555555555555555555555555555555555555555555555555555555555555555555555555555
 555555555555555555555555555555555555555555555555555555555555555555555555555555555555555555555555555555555555555555555555555555555555555555555555555555
 555555555555555555555555555555555555555555555555555555555555555555555555555555555555555555555555555555555555555555555555555555555555555555555555555555
 555555555555555555555555555555555555555555555555555555555555555555555555555555555555555555555555555555555555555555555555555555555555555555555555555555
 555555555555555555555555555555555555555555555555555555555555555555555555555555555555555555555555555555555555555555555555555555555555555555555555555555
 555555555555555555555555555555555555555555555555555555555555555555555555555555555555555555555555555555555555555555555555555555555555555555555555555555
 555555555555555555555555555555555555555555555555555555555555555555555555555555555555555555555555555555555555555555555555555555555555555555555555555555
 555555555555555555555555555555555555555555555555555555555555555555555555555555555555555555555555555555555555555555555555555555555555555555555555555555
 555555555555555555555555555555555555555555555555555555555555555555555555555555555555555555555555555555555555555555555555555555555555555555555555555555
 555555555555555555555555555555555555555555555555555555555555555555555555555555555555555555555555555555555555555555555555555555555555555555555555555555
 555555555555555555555555555555555555555555555555555555555555555555555555555555555555555555555555555555555555555555555555555555555555555555555555555555
 555555555555555555555555555555555555555555555555555555555555555555555555555555555555555555555555555555555555555555555555555555555555555555555555555555
 555555555555555555555555555555555555555555555555555555555555555555555555555555555555555555555555555555555555555555555555555555555555555555555555555555
 555555555555555555555555555555555555555555555555555555555555555555555555555555555555555555555555555555555555555555555555555555555555555555555555555555
