 0000000000000000000000000000000000000000
 0000000000000000000000000000000000000000
 0000000000000000000000000000000000000000
 0000000000000000000000000000000000000000
 0000000000000000000000000000000000000000
 0000000000000000000000000000000000000000
 0000000000000000000000000000000000000000
 0000000000000000000000000000000000000000
 0000000000000000000000000000000000000000
 0000000000000000000000000000000000000000
 0000000000000000000000000000000000000000
 0000000000000000000000000000000000000000
 0000000000000000000000000000000000000000
 0000000000000000000000000000000000000000
 5500000000005555555000000000000000000000
 5555555555555555555000000000000000000000
 5555555555550000000000000000000000000000
 5555555555500000000000000000000000000000
 5555555500000000000000000000000000000000
 5555500000000000000000000000000000000000
