 000000000000000000000000000005555555550000000000000000000000000000000000000000000000000000000000000000000000000000000000000000000000000000000000000000
 000000000000000000000000000000000000000000000000000000000000000000000000000000000000000000000000000000000000000000000000000000000000000000000000000000
 000000000000000000000000000000555555555000000000000000000000000000000000000000000000000000000000000000000000000000000000000000000000000000000000000000
 000000000000000000000000000005555555555555555555500000000000000000000000000000000000000000000000000000000000000000000000000000000000000000000000000000
 000000000000000000055500555555555555555555555555555500000000000000000000000000000000000000000000055000000000000000000000000000000000000000000000000000
 000000000000555555555555555555555555555555555555555500000000000000000000000000000000000000000055555555555550000000000000000000000000000000000000000000
 000005555555555555555555555555555555555555555555555500000000000000000000000000000000000000000000555555555000000055555500000000000000000000000000000000
 000005555555555555555555555555555555555555555550055500000000000000000000000000000000000000000000000000000000000000000000000000000000000000000000000000
 000005555555555555555555555555555555555555500000000000000000000000000000000000000000000000000000000055500000000000000000000000000000000000000000000000
 555555555555555555555555555555555555555550055555555555555555500000000555555555000000000000000000000000055000000000000000000000000000000000000000000000
 555555555555555555555555555555555555555555555555555555555555555555555555555555550000000000000000000000000000000000000000000000000000000000000000000000
 555555555555555555555555555555555555555555555555555555555555555555555555555555550000000000000000000555555555550555550000000000000000000000000000000000
 555555555555555555555555555555555555555555555555555555555555555555555555555555550000055500000000000555555555555555555500000000000000000000000000000000
 555555555555555555555555555555555555555555555555555555555555555555555555555555555500055555555555555555555555555555555555000000055555000000000000000000
 555555555555555555555555555555555555555555555555555555555555555555555555555555555555555555555555555555555555555555555555555555555555555500000000000000
 555555555555555555555555555555555555555555555555555555555555555555555555555555555555555555555555555555555555555555555555555555555555555000000000000000
 555555555555555555555555555555555555555555555555555555555555555555555555555555555555555555555555555555555555555555555555555555555555555555555555555555
 555555555555555555555555555555555555555555555555555555555555555555555555555555555555555555555555555555555555555555555555555555555555555555555555555555
 555555555555555555555555555555555555555555555555555555555555555555555555555555555555555555555555555555555555555555555555555555555555555555555555555555
 555555555555555555555555555555555555555555555555555555555555555555555555555555555555555555555555555555555555555555555555555555555555555555555555555555
 555555555555555555555555555555555555555555555555555555555555555555555555555555555555555555555555555555555555555555555555555555555555555555555555555555
 555555555555555555555555555555555555555555555555555555555555555555555555555555555555555555555555555555555555555555555555555555555555555555555555555555
 555555555555555555555555555555555555555555555555555555555555555555555555555555555555555555555555555555555555555555555555555555555555555555555555555555
 555555555555555555555555555555555555555555555555555555555555555555555555555555555555555555555555555555555555555555555555555555555555555555555555555555
 555555555555555555555555555555555555555555555555555555555555555555555555555555555555555555555555555555555555555555555555555555555555555555555555555555
 555555555555555555555555555555555555555555555555555555555555555555555555555555555555555555555555555555555555555555555555555555555555555555555555555555
 555555555555555555555555555555555555555555555555555555555555555555555555555555555555555555555555555555555555555555555555555555555555555555555555555555
 555555555555555555555555555555555555555555555555555555555555555555555555555555555555555555555555555555555555555555555555555555555555555555555555555555
 555555555555555555555555555555555555555555555555555555555555555555555555555555555555555555555555555555555555555555555555555555555555555555555505555555
 555555555555555555555555555555555555555555555555555555555555555555555555555555555555555555555555555555555555555555555555555555555555555555550055555555
 555555555555555555555555555555555555555555555555555555555555555555555555555555555555555555555555555555555555555555555555555555555500000055500055555555
 555555555555555555555555555555555555555555555555555555555555555555555555555555555555555555555555555555555555555555555555555555550000000050000055555555
 555555555555555555555555555555555555555555555555555555555555555555555555555555555555555555555555555555555555555555555555555555500000000000055555555500
 555555555555555555555555555555555555555555555555555555555555555555555555555555555555555555555555555555555555555555555555555550000000000005555500000000
 555555555555555555555555555555555555555555555555555555555555555555555555555555555555555555555555555555550000000000000000555555000000000055555000000000
 555555555555555555555555555555555555555555555555555555555555555555555555555555555555555555555555555555500000000000000000000000000000005555550000000000
 555555555555555555555555555555555555555555555555555555555555555555555555555555555555555555555555555550000000000000000000000000000000055555000000000000
 555555555555555555555555555555555555555555555555555555555555555555555555555555555555555555555555555000000000000000000000000000000055555555555000000000
 555555555555555555555555555555555555555555555555555555555555555555555555555555555555555555555555550000000000000000000000000000005555555555555000000000
 555555555555555555555555555555555555555555555555555555555555555555555555555555555555555555555555500000000000000000000000000000055555555555555000000000
 555555555555555555555555555555555555555555555555555555555555555555555555555555555555555555555500000000000000000000000000000000055555555555000000000000
 555555555555555555555555555555555555555555555555555555555555555555555555555555555555555555555000000000000000000000000000000000055555555555000000000000
 555555555555555555555555555555555555555555555555555555555555555555555555555555555555555555500000000000000000000000000000000000055555555555000000000000
 555555555555555555555555555555555555555555555555555555555555555555555555555555555555555555555500055000000000000000000000000000055555555000000000000000
 555555555555555555555555555555555555555555555555555555555555555555555555555555555555555555555555555550005000000000000000000000055555555000000000000000
 555555555555555555555555555555555555555555555555555555555555555555555555555555555555555555555555555550555000000000000000000000000555550000000000000000
 555555555555555555555555555555555555555555555555555555555555555555555555555555555555555555555555555550555000000000000000000000000555000000000000000000
 555555555555555555555555555555555555555555555555555555555555555555555555555555555555555555555555555550555000000000000000000000000555000000000000000000
 555555555555555555555555555555555555555555555555555555555555555555555555555555555555555555555555555550005000000000000000000000000500000000000000000000
 555555555555555555555555555555555555555555555555555555555555555555555555555555555555555555555555555500005500000000000000000000000000000000000000000000
 555555555555555555555555555555555555555555555555555555555555555555555555555555555555555555555555555500005500000000000000000000000000000000000000000000
 555555555555555555555555555555555555555555555555555555555555555555555555555555555555555555555555555500005550000000000000000000000000000000000000000000
 555555555555555555555555555555555555555555555555555555555555555555555555555555555555555555555555555500055000000000000000000000000000000000000000000000
 555555555555555555555555555555555555555555555555555555555555555555555555555555555555555555555555555500055000000000000000000000000000000000000000000000
 555555555555555555555555555555555555555555555555555555555555555555555555555555555555555555555555555000000000000000000000000000000000000000000000000000
 555555555555555555555555555555555555555555555555555555555555555555555555555555555555555555555555550000055000000000000000000000000000000000000000000000
 555555555555555555555555555555555555555555555555555555555555555555555555555555555555555555555555500000055000000000000000000000000000000000000000000000
 555555555555555555555555555555555555555555555555555555555555555555555555555555555555555555555555000000050000000000000000000000000000000000000000000000
 555555555555555555555555555555555555555555555555555555555555555555555555555555555555555555555555000000000000000000000000000000000000000000000000000000
 555555555555555555555555555555555555555555555555555555555555555555555555555555555555555555555000000000050000000000000000000000000000000000000000000000
 555555555555555555555555555555555555555555555555555555555555555555555555555555555555555555550000000000055000000000000000000000000000000000000000000000
 555555555555555555555555555555555555555555555555555555555555555555555555555555555555555555550000000000555550000000000000000000000000000000000000000000
 555555555555555555555555555555555555555555555555555555555555555555555555555555555555555555500000000000555555500000000000000000000000000000000000000000
 555555555555555555555555555555555555555555555555555555555555555555555555555555555555055550000000000055555555000000000000000000000000000000000000000000
 555555555555555555555555555555555555555555555555555555555555555555555555555555555500000000000000000500055500000000000000000000000000000000000000000000
 555555555555555555555555555555555555555555555555555555555555555555555555555555555000000000000000000050000000000000000000000000000000000000000000000000
 555555555555555555555555555555555555555555555555555555555555555555555555555555555000000000000000000000000000000000000000000000000000000000000000000000
 555555555555555555555555555555555555555555555555555555555555555550055555555555550000000000000000000055000000000000000000000000000000000000000000000000
 555555555555555555555555555555555555555555555555555555555555555500055555555555500000000000000000000555500000000000000000000000000000000000000000000000
 555555555555555555555555555555555555555555555555555555555555555000555000055550000000000000000000000555500000000000000000000000000000000000000000000000
 555555555555555555555555555555555555555555555555555555555555000000000000055555000000000000000000000555500000000000000000000000000000000000000000000000
 555555555555555555555555555555555555555555555555555555555555000000000000055555500000000000000000000555000000000000000000000000000000000000000000000000
 555555555555555555555555555555555555555555555555555555555555550000000000055555550000000000000000005550000000000000000000000000000000000000000000000000
 555555555555555555555555555555555555555555555555555555555555550055550000000055550000000000000000055550000000000000000000000000000000000000000000000000
 555555555555555555555555555555555555555555555555555555555555555555500000000555555000000000000555555550000000000000000000000000000000000000000000000000
 555555555555555555555555555555555555555555555555555555555555555550000000000555555000000000000555555500000000000000000000000000000000000000000000000000
 555555555555555555555555555555555555555555555555555555555555555500000000000055555000000000505555555500000000000000000000000000000000000000000000000000
 555555555555555555555555555555555555555555555555555555555555555000000000000555550000005555555555550500000000000000000000000000000000000000000000000000
 555555555555555555555555555555555555555555555555555555555555555000000000000500000000555550055500000000000000000000000000000000000000000000000000000000
 555555555555555555555555555555555555555555555555555555555555555550000000000000000005000555055000000000000000000000000000000000000000000000000000000000
 555555555555555555555555555555555555555555555555555555555555555550000000000000000555505500000000000000000000000000000000000000000000000000000000000000
 555555555555555555555555555555555555555555555555555555555555555550000000000000000555505000000000000000000000000000000000000000000000000000000000000000
 555555555555555555555555555555555555555555555555555555555555555555000000000000000055000000000000000000000000000000000000000000000000000000000000000000
 555555555555555555555555555555555555555555555555555555555555555555500000000000000055000000000000000000000000000000000000000000000000000000000000000000
 555555555555555555555555555555555555555555555555555555555555555555500000000000000000000000000000000000000000000000000000000000000000000000000000000000
 555555555555555555555555555555555555555555555555555555555555555555000000000000000000000000000000000000000000000000000000000000000000000000000000000000
 555555555555555555555555555555555555555555555555555555555555555555500000000000000000000000000000000000000000000000000000000000000000000000000000000000
 555555555555555555555555555555555555555555555555555555555555555555500000000000000000000000000000000000000000000000000000000000000000000000000000000000
 555555555555555555555555555555555555555555555555555555555555555555500000000000000000000000000000000000000000000000000000000000000000000000000000000000
 555555555555555555555555555555555555555555555555555555555555555555000000000000000000000000000000000000000000000000000000000000000000000000000000000000
 555555555555555555555555555555555555555555555555555555555555555550000000000000000000000000000000000000000000000000000000000000000000000000000000000000
 555555555555555555555555555555555555555555555555555555555555555550000000000000000000000000000000000000000000000000000000000000000000000000000000000000
 555555555555555555555555555555555555555555555555555555555555555500000000000000000000000000000000000000000000000000000000000000000000000000000000000000
 555555555555555555555555555555555555555555555555555555555555555000000000000000000000000000000000000000000000000000000000000000000000000000000000000000
 555555555555555555555555555555555555555555555555555555555555555000000000000000000000000000000000000000000000000000000000000000000000000000000000000000
 555555555555555555555555555555555555555555555555555555555555550000500000000000000000000000000000000000000000000000000000000000000000000000000000000000
 555555555555555555555555555555555555555555555555555555555555000005500000000000000000000000000000000000000000000000000000000000000000000000000000000000
 555555555555555555555555555555555555555555555555555555555555000055500000000000000000000000000000000000000000000000000000000000000000000000000000000000
 555555555555555555555555555555555555555555555555555555555500000055000000000000000000000000000000000000000000000000000000000000000000000000000000000000
 555555555555555555555555555555555555555555555555555555500000000055000000000000000000000000000000000000000000000000000000000000000000000000000000000000
 555555555555005555555555555555555555555555555555555500000000000000000000000000000000000000000000000000000000000000000000000000000000000000000000000000
 555555000000005555555555555555555555555555505555500000000000000000000000000000000000000000000000000000000000000000000000000000000000000000000000000000
 555550000000005555555555555555555555555550000050000000000000000000000000000000000000000000000000000000000000000000000000000000000000000000000000000000
 555550000000000555555555555555555555555500000050000000000000000000000000000000000000000000000000000000000000000000000000000000000000000000000000000000
 555500000000000005555555555555555555555000000555000000000000000000000000000000000000000000000000000000000000000000000000000000000000000000000000000000
 550000000000000005555555555555555555555000005550000000000000000000000000000000000000000000000000000000000000000000000000000000000000000000000000000000
 500000000000000000555555555555555555550000005550000000000000000000000000000000000000000000000000000000000000000000000000000000000000000000000000000000
 000000000000000000555555555555555555555000000000000000000000000005550000000000000000000000000000000000000000000000000000000000000000000000000000000000
 000000000000000000055555555555555555555500000000000000000000000005550000000000000000000000000000000000000000000000000000000000000000000000000000000000
 000000000000000000555555555555555555555550000000000000000000000005550000000000000000000000000000000000000000000000000000000000000000000000000000000000
 000000000000000000555500555555555555555555000000000000000000000055550000000000000000000000000000000000000000000000000000000000000000000000000000000000
 000000000000000000555000555555555555555555500000000000000000000055500000000000000000000000000000000000000000000000000000000000000000000000000000000000
 000000000000000000000000555555555555555555550000000000000000000055000000000000000000000000000000000000000000000000000000000000000000000000000000000000
 000000000000000000000000555555555555555555550000000000000000000055500000000000000000000000000000000000000000000000000000000000000000000000000000000000
 000000000000000000000000055555555555555555555000000000000000000005500000000000000000000000000000000000000000000000000000000000000000000000000000000000
 000000000000000000000000055555555555555555555000000000000000000000005500000000000000000000000000000000000000000000000000000000000000000000000000000000
 000000000000000000000000005500555555555555555000000000000000000005000050000000000000000000000000000000000000000000000000000000000000000000000000000000
 000000000000000000000000005500055555555555555000000000000000000005000000000000000000000000000000000000000000000000000000000000000000000000000000000000
 000000000000000000000000005500000555555555555000000000000000000000000000550000000000000000000000000000000000000000000000000000000000000000000000000000
 000000000000000000000000005500000055555555550000000000000000000000055000550000000000000000000000000000000000000000000000000000000000000000000000000000
 000000000000000000000000005000000055555555500000000000000000000000055500500000000000000000000000000000000000000000000000000000000000000000000000000000
 000000000000000000000000005000000000555550000000000000000000005000000550500000000000000000000000000000000000000000000000000000000000000000000000000000
 000000000000000000000000005000000000055500000000000000000000000000005505000000000000000000000000000000000000000000000000000000000000000000000000000000
 000000000000000000000000055500000000055000000000000000000000500000000500005000000000000000000000000000000000000000000000000000000000000000000000000000
 000000000000000000000000055500000000000000000000000000000005000000000000555000000000000000000000000000000000000000000000000000000000000000000000000000
 000000000000000000000000005550000000000000000000000000000000000000000555555000000000000000000000000000000000000000000000000000000000000000000000000000
 000000000000000000000000000550000000000000000000000000000000000000000505555000000000000000000000000000000000000000000000000000000000000000000000000000
 000000000000000000000000000055000000000000000000000000000000000000000005555000000000000000000000000000000000000000000000000000000000000000000000000000
 000000000000000000000000000055550000000000000000000000000555000000000005550000000000000000000000000000000000000000000000000000000000000000000000000000
 000000000000000000000000000005555000000000000000000000000555000000000000050000000000000000000000000000000000000000000000000000000000000000000000000000
 000000000000000000005000000005555500000000000000000000005555550000000000000000000000000000000000000000000000000000000000000000000000000000000000000000
 000000000000000000005555500005555500000000000000000000555555500000000000000000000000000000000000000000000000000000000000000000000000000000000000000000
 000000000000000000000555500005555500000000000000000005555555000000000000000000000000000000000000000000000000000000000000000000000000000000000000000000
 000000000000000000000005550000555500000000000000000055555555000000000000000000000000000000000000000000000000000000000000000000000000000000000000000000
 000000000000000000000000555500055500000000000000000555555550000000000000000000000000000000000000000000000000000000000000000000000000000000000000000000
 000000000000000000000000555550055550000000000000555555555555000000000000000000000000000000000000000000000000000000000000000000000000000000000000000000
 000000000000000000000000055555500555000000000000555555555555000000000000000000000000000000000000000000000000000000000000000000000000000000000000000000
 000000000000000000000000005555550005000000005555555555555555500000000000500005000000000000000000000000000000000000000000000000000000000000000000000000
 000000000000000000000000005555555500000000005555555555555555000005555555000005500000000000000000000000000000000000000000000000000000000000000000000000
 000000000000000000000000000555555550000000005555555555555550000000000000000000000000000000000000000000000000000000000000000000000000000000000000000000
 000000000000000000000000000055555550000000005555555555555550000000000000000000000000000000000000000000000000000000000000000000000000000000000000000000
 000000000000000000000000000005555550000000000555555555555550000500005500000000000000555550000000000000000000000000000000000000000000000000000000000000
 000000000000000000000000005005555555000000000055555555555500000555550000000005000000555550000000000000000000000000000000000000000000000000000000000000
 000000000000000000000000000000555555505000000055555555555000005555500000000000000000055550000055550000000000000000000000000000000000000000000000000000
 000000000000000000000000000000555555555500000055555555555500005555500000000000000000000550000555555550000000000000000000000000000000000000000000000000
 000000000000000000000000000000055555555000500000055555555000005500550000000500555500005555005555555555500000000000000000000000000000000000000000000000
 000000000000000000000000000000005555555000000000000000555000000550550000000500000050000555555555555555555500000000000000000000000000000000000000000000
 000000000000000000000000000000000555555000000000000000000000000500055000000000000000000000555555555555555555000000000000005000000000000000000000000000
 000000000000000000000000000000000055555000000000000000000000000500005000000000000000000000000555555555555555550000000000500000000000000000000000000000
 000000000000000000000000000000000005555000000000000000000000000500005000000000000000000000000000555555555555550000000005500000000000000000000000000000
