 5500000000000000000000000000000000000000
 5555500000000000000000000000000000000000
 5555555000000000000000000000000000000000
 5500000000000000000000000000000000000000
 5555000000000000000000000000000000000000
 5555550000000000000000000000000000000000
 5555000000000000000000000000000000000000
 5555550000000000000000000000000000000000
 5555000000000000000000000000000000000000
 5500000000000000000000000000000000000000
 5500000000000000000000000000000000000000
 0000000000000000000000000000000000000000
 5500000000000000000000000000000000000000
 5500000000000000000000000000000000000000
 0000000000000000000000000000000000000000
 0000000000000000000000000000000000000000
 0000000000000000000000000000000000000000
 0000000000000000000000000000000000000000
 0000000000000000000000000000000000000000
 0000000000000000000000000000000000000000
 0000000000000000000000000000000000000000
 0000000000000000000000000000000000000000
 5000005555555550000000000000000000000000
 0555555555555555000000000000000000000000
 5555555555555555000000000000000000000000
 0555555555555500000000000000000000000000
 0000555550000000000000000000000000000000
 0000000000000000000000000000000000000000
 0000000000000000000000000000000000000000
 0000000000000000000000000000000000000000
 0000000000000000000000000000000000000000
 0000000000000000000000000000000000000000
 0000000000000000000000000000000000000000
 0000000000000000000000000000000000000000
 0000000000000000000000000000000000000000
 0000000000000000000000000000000000000000
 0000000000000000000000000000000555000000
 0000000000000000000000000000005555555000
 0000000000000000000000000000005555555000
 0000000000000000000000000000005555550000
 0000000000000000000000000000005555555000
 0000000000000000000000000000000055555000
 0000000000000000000000000555555000555550
 0000000000000000000000005555550000055555
 0000000000000000000000555555550000055555
 0000000000000000000000005555550055555555
 0000000000000000000000005555550000555555
 0000000000000000000000555500000555555555
 0000000000000000000000000000000000555555
 0000000000000000000000000000000055555555
 0000000000000000000000000000000000000000
 0000000000000000000000000000000000000000
 0000000000000000000000000000000000000055
 0000000000000000000000000000000005555555
 0000000000000000000000000000000005555555
 0000000000000000000000000000000000055555
 0000000000000000000000000000000000000555
 0000000000000000000000000000000000000055
 0000000000000000000000000000000000000005
 0000000000000000000000000000000000000005
 0000000000000000000000000000000000000005
 0000000000000000000000000000000000000055
 0000000000000000000000000555555000000055
 0000000000000000000000005555555555555555
 0000000000000000000000005555555555555555
 0000000000000000000000005555555555555555
 0000000000000000000000000555555555555555
 0000000000000000000000000555555555555555
 0000000000000000000000000555555555555555
 0000000000000000000000005555555555555555
 0000000000000000000000005555555555555555
 0000000000000000000000000555555555555555
 0000000000000000000000000555555555555550
 0000000000000000000000000555555555555500
 0000000000000000000000000000055555550000
 0000000000000000000000000000005000000000
 0000000000000000000000000000005000000005
 0000000000000000000000000000055555555555
 0000000000000000000000000000055555555555
 0000000000000000000000000000555555555555
 0000000000000000000000000055555555555555
 0000000000000000000000000555555555555555
 0000000000000000000000005555555555555555
 0000000000000000000000055555555555555555
 0000000000000000000000055555555555555555
 0000000000000000000000055555555555555555
 0000000000000000000000055555555555555555
 0000000000000000000000555555555555555555
 0000000000000000000005555555555555555555
 0000000000000000000055555555555555555555
 0000000000000000055555555555555555555555
 0000000000000000055555555555555555555555
 0000000000000000555555555555555555555555
 0000000000000005555555555555555555555555
 0000000000000055555555555555555555555555
 0000000000000055555555555555555555555555
 0000000000000555555555555555555555555555
 0000000000000555555555555555555555555555
 0000000000005555555555555555555555555555
 0000000000055555555555555555555555555555
 0000000000055555555555555555555555555555
 0000000000555555555555555555555555555555
 0000000000055555555555555555555555555555
 0000000000055555555555555555555555555555
 0000000000005555555555555555555555555555
 0000000000055555555555555555555555555555
 0000000000005555555555555555555555555555
 0000000000005555555555555555555555555555
 0000000000005555555555555555555555555555
 0000000000005555555555555555555555555555
 0000000000055555555555555555555555555555
 0000000000055555555555555555555555555555
 0000000000055555555555555555555555555555
 0000000000555555555555555555555555555555
 0000000000555555555555555555555555555555
 0000000000055555555555555555555555555555
 0000000000055555555555555555555555555555
 0000000000055555555555555555555555555555
 0000000000055555555555555555555555555555
 0000000000000555555555555555555555555555
 0000000000000055555555555555555555555555
 0000000000000005555555555555555555555555
 0000000000000000555555555555555555555555
 0000000000000000055555555555555555555555
 0000000000000000055555555555555555555555
 0000000000000000055555555555555555555555
 0000000000000000005555555555555555555555
 0000000000000000000055555555555555555555
 0000000000000000000005555555555555555555
 0000000000000000000000055555555555555555
 0000000000000000000000005555555555555550
 0000000000000000000000000555500000000000
 0000000000000000000000000000000000000000
 0000000000000000000000000000000000000000
 0000000000000000000000000000000000000000
 0000000000000000000000000000000000000000
 0000000000000000000000000000000000000000
 0000000000000000000000000000000000000000
 0000000000000000000000000000000000000000
 0000000000000000000000000000000000000000
 0000000000000000000000000000000000000000
 0000000000000000000000000000000000000000
 0000000000000000000000000000000000000000
 0000000000000000000000000000000000000000
 0000000000000000000000000000000000000000
 0000000000000000000000000000000000000000
 0000000000000000000000000000000000000000
 0000000000000000000000000000000000000000
 0000000000000000000000000000000000000000
 0000000000000000000000000000000000000000
