 000000000000000000000055555555555555555555555555555555555555555555555500000000000000000000000000000000000000000000000000000000000000000000000000000000
 000000000000000000000005555555555555555555555555555555555555555555555500000000000000000000000000000000000000000000000000000000000000000000000000000000
 000000000000000000000005555555555555555555555555555555555555555555555550000000000000000000000000000000000000000000000000000000000000000000000000000000
 000000000000000000000000555555555555555555555555555555555555555555555500000000000000000000000000000000000000000000000000000000000000000000000000000000
 000000000000000000000000555555555555555555555555555555555555555555555500000000000000000000000000000000000000000000000000000000000000000000000000000000
 000000000000000000000000555555555555555555555555555555555555555555555550000000000000000000000000000000000000000000000000000000000000000000000000000000
 000000000000000000000000555555555555555555555555555555555555555555555550000000000000000000000000000000000000000000000000000000000000000000000000000000
 000000000000000000000000555555555555555555555555555555555555555555555550000000000000000000000000000000000000000000000000000000000000000000000000000000
 000000000000000000000000055555555555555555555555555555555555555555555555000000000000000000000000000000000000000000000000000000000000000000000000000000
 000000000000000000000000055555555555555555555555555555555555555555555555500000000000000000000000000000000000000000000000000000000000000000000000000000
 000000000000000000000000055555555555555555555555555555555555555555555555000000000000000000000000000000000000000000000000000000000000000000000000000000
 000000000000000000000000055555555555555555555555555555555555555555555555500000000000000000000000000000000000000000000000000000000000000000000000000000
 000000000000000000000000555555555555555555555555555555555555555555555555500000000000000550000000000000000000000000000000000000000000000000000000000000
 000000000000000000000005555555555555555555555555555555555555555555555555500000000000000550000000000000000000000000000000000000000000000000000000000000
 000000000000000000000005555555555555555555555555555555555555555555555555500000000000005555000000000000000000000000000000000000000000000000000000000000
 000000000000000000000055555555555555555555555555555555555555555555555555500000000000005555000000000000000000000000000000000000000000000000000000000000
 000000000000000000000055555555555555555555555555555555555555555555555555500000000000055555000000000000000000000000000000000000000000000000000000000000
 000000000000000000000055555555555555555555555555555555555555555555555555500000000005555555000000000000000000000000000000000000000000000000000000000000
 000000000000000000000555555555555555555555555555555555555555555555555555000000000555555550000000000000000000000000000000000000000000000000000000000000
 000000000000000000000555555555555555555555555555555555555555555555555550000000055555555550000000000000000000000000000000000000000000000000000000000000
 000000000000000000000555555555555555555555555555555555555555555555555000000000055555555550000000000000000000000000000000000000000000000000000000000000
 000000000000000000000555555555555555555555555555555555555555555555500000000000055555555500000000000000000000000000000000000000000000000000000000000000
 000000000000000000000055555555555555555555555555555555555555555555000000000000055555555500000000000000000000000000000000000000000000000000000000000000
 000000000000000000000055555555555555555555555555555555555555555550000000000000055555555500000000000000000000000000000000000000000000000000000000000000
 000000000000000000000005555555555555555555555555555555555555555500000000000000055555555500000000000000000000000000000000000000000000000000000000000000
 000000000000000000000000555555555555555555555555555555555555550000000000000000055555555000000000000000000000000000000000000000000000000000000000000000
 000000000000000000000000555555555555555555555555555555555555550000000000000000055555555000000000000000000000000000000000000000000000000000000000000000
 000000000000000000000000055555555555555555555555555555555555555000000000000000555555555000000000000500000000000000000000000000000000000000000000000000
 000000000000000000000000055555555555555555555555555555555555555000000000000000555555550000000000000000000000000000000000000000000000000000000000000000
 000000000000000000000000005555555555555555555555555555555555555500000000000005555555550000000000000000000000000000000000000000000000000000000000000000
 000000000000000000000000005555555555555555555555555555555555555500000000000000555555550000000000000000000000000000000000000000000000000000000000000000
 000000000000000000000000005555555555555555555555555555555555555500000000000000555555500000000000000000000000000000000000000000000000000000000000000000
 000000000000000000000000005555555555555555555555555555555555555500000000000000555555500000000000000000000000000000000000000000000000000000000000000000
 000000000000000000000000005555555555555555555555555555555555555000000000000000555555500000000000000000000000000000000000000000000000000000000000000000
 000000000000000000000000000555555555555555555555555555555555500000000000000000055555000000000000000000000000000000000000000000000000000000000000000000
 000000000000000000000000000555555555555555555555555555555550000000000000000000000000000000000000000000000000000000000000000000000000000000000000000000
 000000000000000000000000000555555555555555555555555555555550000000000000000000000000000000000000000000000000000000000000000000000000000000000000000000
 000000000000000000000000000555555555555555555555555555555550000000000000000000000000000000000000000000000000000000000000000000000000000000000000000000
 000000000000000000000000000055555555555555555555555555555550000000000000000000000000000000000000000000000000000000000000000000000000000000000000000000
 000000000000000000000000000055555555555555555555555555555500000000000000000000000000000000000000000000000000000000000000000000000000000000000000000000
 000000000000000000000000000005555555555555555555555555555500000000000000000000000000000000000000000000000000000000000000000000000000000000000000000000
 000000000000000000000000000000555555555555555555555555555000000000000000000000000000000000000000000000000000000000000000000000000000000000000000000000
 000000000000000000000000000000055555555555555555555555550000000000000000000000000000000000000000000000000000000000000000000000000000000000000000000000
 000000000000000000000000000000055555555555555555555555500000000000000000000000000000000000000000000000000000000000000000000000000000000000000000000000
 000000000000000000000000000000005555555555555555555555500000000000000000000000000000000000000000000000000000000000000000000000000000000000000000000000
 000000000000000000000000000000005555555555555555555555000000000000000000000000000000000000000000000000000000000000000000000000000000000000000000000000
 000000000000000000000000000000000555555555555555555550000000000000000000000000000000000000000000000000000000000000000000000000000000000000000000000000
 000000000000000000000000000000000555555555555555555500000000000000000000000000000000000000000000000000000000000000000000000000000000000000000000000000
 000000000000000000000000000000000555555555555555555000000000000000000000000000000000000000000000000000000000000000000000000000000000000000000000000000
 000000000000000000000000000000000555555555555555500000000000000000000000000000000000000000000000000000000000000000000000000000000000000000000000000000
 000000000000000000000000000000000555555555555500000000000000000000000000000000000000000000000000000000000000000000000000000000000000000000000000000000
 000000000000000000000000000000000005500000000000000000000000000000000000000000000000000000000000000000000000000000000000000000000000000000000000000000
 000000000000000000000000000000000000000000000000000000000000000000000000000000000000000000000000000000000000000000000000000000000000000000000000000000
 000000000000000000000000000000000000000000000000000000000000000000000000000000000000000000000000000000000000000000000000000000000000000000000000000000
 000000000000000000000000000000000000000000000000000000000000000000000000000000000000000000000000000000000000000000000000000000000000000000000000000000
 000000000000000000000000000000000000000000000000000000000000000000000000000000000000000000000000000000000000000000000000000000000000000000000000000000
 000000000000000000000000000000000000000000000000000000000000000000000000000000000000000000000000000000000000000000000000000000000000000000000000000000
 000000000000000000000000000000000000000000000000000000000000000000000000000000000000000000000000000000000000000000000000000000000000000000000000000000
 000000000000000000000000000000000000000000000000000000000000000000000000000000000000000000000000000000000000000000000000000000000000000000000000000000
 000000000000000000000000000000000000000000000000000000000000000000000000000000000000000000000000000000000000000000000000000000000000000000000000000000
 000000000000000000000000000000000000000000000000000000000000000000000000000000000000000000000000000000000000000000000000000000000000000000000000000000
 000000000000000000000000000000000000000000000000000000000000000000000000000000000000000000000000000000000000000000000000000000000000000000000000000000
 000000000000000000000000000000000000000000000000000000000000000000000000000000000000000000000000000000000000000000000000000000000000000000000000000000
 000000000000000000000000000000000000000000000000000000000000000000000000000000000000000000000000000000000000000000000000000000000000000000000000000000
 000000000000000000000000000000000000000000000000000000000000000000000000000000000000000000000000000000000000000000000000000000000000000000000000000000
 000000000000000000000000000000000000000000000000000000000000000000000000000000000000000000000000000000000000000000000000000000000000000000000000000000
 000000000000000000000000000000000000000000000000000000000000000000000000000000000000000000000000000000000000000000000000000000000000000000000000000000
 000000000000000000000000000000000000000000000000000000000000000000000000000000000000000000000000000000000000000000000000000000000000000000000000000000
 000000000000000000000000000000000000000000000000000000000000000000000000000000000000000000000000000000000000000000000000000000000000000000000000000000
 000000000000000000000000000000000000000000000000000000000000000000000000000000000000000000000000000000000000000000000000000000000000000000000000000000
 000000000000000000000000000000000000000000000000000000000000000000000000000000000000000000000000000000000000000000000000000000000000000000000000000000
 000000000000000000000000000000000000000000000000000000000000000000000000000000000000000000000000000000000000000000000000000000000000000000000000000000
 000000000000000000000000000000000000000000000000000000000000000000000000000000000000000000000000000000000000000000000000000000000000000000000000000000
 000000000000000000000000000000000000000000000000000000000000000000000000000000000000000000000000000000000000000000000000000000000000000000000000000000
 000000000000000000000000000000000000000000000000000000000000000000000000000000000000000000000000000000000000000000000000000000000000000000000000000000
 000000000000000000000000000000000000000000000000000000000000000000000000000000000000000000000000000000000000000000000000000000000000000000000000000000
 000000000000000000000000000000000000000000000000000000000000000000000000000000000000000000000000000000000000000000000000000000000000000000000000000000
 000000000000000000000000000000000000000000000000000000000000000000000000000000000000000000000000000000000000000000000000000550000000000000000000000000
 000000000000000000000000000000000000000000000000000000000000000000000000000000000000000000000000000000000000000000000000000000000000000000000000000000
 000000000000000000000000000000000000000000000000000000000000000000000000000000000000000000000000000000000000000000000000000000000000000000000000000000
 000000000000000000000000000000000000000000000000000000000000000000000000000000000000000000000000000000000000000000000000000000000000000000000000000000
 000000000000000000000000000000000000000000000000000000000000000000000000000000000000000000000000000000000000000000000000000000000000000000000000000000
 000000000000000000000000000000000000000000000000000000000000000000000000000000000000000000000000000000000000000000000000000000000000000000000000000000
 000000000000000000000000000000000000000000000000000000000000000000000000000000000000000000000000000000000000000000000000000000000000000000000000000000
 000000000000000000000000000000000000000000000000000000000000000000000000000000000000000000000000000000000000000000000000000000000000000000000000000000
 000000000000000000000000000000000000000000000000000000000000000000000000000000000000000000000000000000000000000000000000000000000000000000000000000000
 000000000000000000000000000000000000000000000000000000000000000000000000000000000000000000000000000000000000000000000000000000000000000000000000000000
 000000000000000000000000000000000000000000000000000000000000000000000000000000000000000000000000000000000000000000000000000000000000000000000000000000
 000000000000000000000000000000000000000000000000000000000000000000000000000000000000000000000000000000000000000000000000000000000000000000000000000000
 000000000000000000000000000000000000000000000000000000000000000000000000000000000000000000000000000000000000000000000000000000000000000000000000000000
 000000000000000000000000000000000000000000000000000000000000000000000000000000000000000000000000000000000000000000000000000000000000000000000000000000
 000000000000000000000000000000000000000000000000000000000000000000000000000000000000000000000000000000000000000000000000000000000000000000000000000000
 000000000000000000000000000000000000000000000000000000000000000000000000000000000000000000000000000000000000000000000000000000000000000000000000000000
 000000000000000000000000000000000000000000000000000000000000000000000000000000000000000000000000000000000000000000000000000000000000000000000000000000
 000000000000000000000000000000000000000000000000000000000000000000000000000000000000000000000000000000000000000000000000000000000000000000000000000000
 000000000000000000000000000000000000000000000000000000000000000000000000000000000000000000000000000000000000000000000000000000000000000000000000000000
 000000000000000000000000000000000000000000000000000000000000000000000000000000000000000000000000000000000000000000000000000000000000000000000000000000
 000000000000000000000000000000000000000000000000000000000000000000000000000000000000000000000000000000000000000000000000000000000000000000000000000000
 000000000000000000000000000000000000000000000000000000000000000000000000000000000000000000000000000000000000000000000000000000000000000000000000000000
 000000000000000000000000000000000000000000000000000000000000000000000000000000000000000000000000000000000000000000000000000000000000000000000000000000
 000000000000000000000000000000000000000000000000000000000000000000000000000000000000000000000000000000000000000000000000000000000000000000000000000000
 000000000000000000000000000000000000000000000000000000000000000000000000000000000000000000000000000000000000000000000000000000000000000000000000000000
 000000000000000000000000000000000000000000000000000000000000000000000000000000000000000000000000000000000000000000000000000000000000000000000000000000
 000000000000000000000000000000000000000000000000000000000000000000000000000000000000000000000000000000000000000000000000000000000000000000000000000000
 000000000000000000000000000000000000000000000000000000000000000000000000000000000000000000000000000000000000000000000000000000000000000000000000000000
 000000000000000000000000000000000000000000000000000000000000000000000000000000000000000000000000000000000000000000000000000000000000000000000000000000
 000000000000000000000000000000000000000000000000000000000000000000000000000000000000000000000000000000000000000000000000000000000000000000000000000000
 000000000000000000000000000000000000000000000000000000000000000000000000000000000000000000000555550000000000000000000000000000000000000000000000000000
 000000000000000000000000000000000000000000000000000000000000000000000000000000000000000000555555555550000000000000000000000000000000000000000000005555
 000000000000000000000000000000000000000000000000000000000000000000000000000000000000005555555555555555555000000000000000000000000000000000000000005555
 000000000000000000000000000000000000000000000000000000000000000000000000000000000555555555555555555555555555555555555500000000000000000000000000055555
 000000000000000000000000000000000000000000000000000000000000000000000000000055555555555555555555555555555555555555555555555550000000000000000555555555
 000000000000000000000000000000000000000000000000000000000000500000000005555555555555555555555555555555555555555555555555555555550000000000005555555555
 500000000000000000000000005500000000000000000000000005555005555500000000555555555555555555555555555555555555555555555555555555555550055005555555555555
 500000000000000000000055555555555555000000000000055555555555555555555555555555555555555555555555555555555555555555555555555555555555555555555555555555
 555555555555555555555555555555555555555555555555555555555555555555555555555555555555555555555555555555555555555555555555555555555555555555555555555555
 555555555555555555555555555555555555555555555555555555555555555555555555555555555555555555555555555555555555555555555555555555555555555555555555555555
 555555555555555555555555555555555555555555555555555555555555555555555555555555555555555555555555555555555555555555555555555555555555555555555555555555
 555555555555555555555555555555555555555555555555555555555555555555555555555555555555555555555555555555555555555555555555555555555555555555555555555555
 555555555555555555555555555555555555555555555555555555555555555555555555555555555555555555555555555555555555555555555555555555555555555555555555555555
 555555555555555555555555555555555555555555555555555555555555555555555555555555555555555555555555555555555555555555555555555555555555555555555555555555
 555555555555555555555555555555555555555555555555555555555555555555555555555555555555555555555555555555555555555555555555555555555555555555555555555555
 555555555555555555555555555555555555555555555555555555555555555555555555555555555555555555555555555555555555555555555555555555555555555555555555555555
 555555555555555555555555555555555555555555555555555555555555555555555555555555555555555555555555555555555555555555555555555555555555555555555555555555
 555555555555555555555555555555555555555555555555555555555555555555555555555555555555555555555555555555555555555555555555555555555555555555555555555555
 555555555555555555555555555555555555555555555555555555555555555555555555555555555555555555555555555555555555555555555555555555555555555555555555555555
 555555555555555555555555555555555555555555555555555555555555555555555555555555555555555555555555555555555555555555555555555555555555555555555555555555
 555555555555555555555555555555555555555555555555555555555555555555555555555555555555555555555555555555555555555555555555555555555555555555555555555555
 555555555555555555555555555555555555555555555555555555555555555555555555555555555555555555555555555555555555555555555555555555555555555555555555555555
 555555555555555555555555555555555555555555555555555555555555555555555555555555555555555555555555555555555555555555555555555555555555555555555555555555
 555555555555555555555555555555555555555555555555555555555555555555555555555555555555555555555555555555555555555555555555555555555555555555555555555555
 555555555555555555555555555555555555555555555555555555555555555555555555555555555555555555555555555555555555555555555555555555555555555555555555555555
 555555555555555555555555555555555555555555555555555555555555555555555555555555555555555555555555555555555555555555555555555555555555555555555555555555
 555555555555555555555555555555555555555555555555555555555555555555555555555555555555555555555555555555555555555555555555555555555555555555555555555555
 555555555555555555555555555555555555555555555555555555555555555555555555555555555555555555555555555555555555555555555555555555555555555555555555555555
 555555555555555555555555555555555555555555555555555555555555555555555555555555555555555555555555555555555555555555555555555555555555555555555555555555
 555555555555555555555555555555555555555555555555555555555555555555555555555555555555555555555555555555555555555555555555555555555555555555555555555555
 555555555555555555555555555555555555555555555555555555555555555555555555555555555555555555555555555555555555555555555555555555555555555555555555555555
 555555555555555555555555555555555555555555555555555555555555555555555555555555555555555555555555555555555555555555555555555555555555555555555555555555
 555555555555555555555555555555555555555555555555555555555555555555555555555555555555555555555555555555555555555555555555555555555555555555555555555555
 555555555555555555555555555555555555555555555555555555555555555555555555555555555555555555555555555555555555555555555555555555555555555555555555555555
 555555555555555555555555555555555555555555555555555555555555555555555555555555555555555555555555555555555555555555555555555555555555555555555555555555
 555555555555555555555555555555555555555555555555555555555555555555555555555555555555555555555555555555555555555555555555555555555555555555555555555555
 555555555555555555555555555555555555555555555555555555555555555555555555555555555555555555555555555555555555555555555555555555555555555555555555555555
 555555555555555555555555555555555555555555555555555555555555555555555555555555555555555555555555555555555555555555555555555555555555555555555555555555
 555555555555555555555555555555555555555555555555555555555555555555555555555555555555555555555555555555555555555555555555555555555555555555555555555555
 555555555555555555555555555555555555555555555555555555555555555555555555555555555555555555555555555555555555555555555555555555555555555555555555555555
 555555555555555555555555555555555555555555555555555555555555555555555555555555555555555555555555555555555555555555555555555555555555555555555555555555
 555555555555555555555555555555555555555555555555555555555555555555555555555555555555555555555555555555555555555555555555555555555555555555555555555555
 555555555555555555555555555555555555555555555555555555555555555555555555555555555555555555555555555555555555555555555555555555555555555555555555555555
