 000000000000000000000000000055555000555000000000000000000000000000000000000000000000000000000000000000000000000000000000000000000000000000000000000000
 000000000000000000000000005555555500000555000000000000000000000000000000000000000000000000000000000000000000000000000000000000000000000000000000000000
 000000000000000000000000005555500000000000000000000000000000000000000000000000000000000000000000000000000000000000000000000000000000000000000000000000
 000000000000000000000000000000000000000000000000000000000000000000000000000000000000000000000000000000000000000000000555550000000000000000000000000000
 000000000000000000000000000000000000000000000000000000000000000000000000000000000000000000000000000000000000055555555550000000000000000000000000000000
 000000000000000000000000000000000000000000000000000000000000000000000000000000000000000000000000000000005555555550000000000000000000000000000000000000
 000000000000000000000000000000000000000000000000000000000000000000000000000000000000000000000000000000555555000000000000000000000000000000000000000000
 000000000000000000000000000000000000000000000000000000000000000000000000000000000000000000000000000555555500000000000000000000000000000000000000000000
 000000000000000000000000000000000000000000000000000000000000000000000000000000000000000000000000055555550000000000000000000000000000000000000000000000
 000000000000000000000000000000000000000000000000000000000000000000000000000000000000000000000000055555000000000000000000000000000000000000000000555555
 000000000000000000000000000000000000000000000000000000000000000000000000000000000000000000000555555500000000000000000000000555555500000000000005555555
 000000000000000000000000000000000000000000000000000000000000000000000000000000000000000000000555555500000000000000000000000555555500000000055555555555
 000000000000000000000000000000000000000000000000000000000000000000000000000000000000000000000555555500000000000000000000055555555505550555555555555555
 000000000000000000000000000000000000000000000000000000000000000000000000000000000000000000000005555555000000000000000005555555555505555555555555555555
 000000000000000000000000000000000000000005555555555555550000000000000000000000000000000000000000000000000000000000000005555555555505555555555555555555
 000000000000000000000000000000000055005555555555555550000000000000000000000000000000000000000000000000000055000000000000555555555005555555555555555555
 000000000000000000000000000000005555555555555555555555555550000000000000000000000000000550000000000000000000555555550000055555555005555555555555555555
 000000000000000000000000000055055555555555555555555555555555555555000000000000000000005500000000000000055000555555555555000555555500055555555555555555
 000000000000000000000000000000555555555555555555555555555555555555555500000000005550000000555555005555555555555555555555555555555550055555555555555555
 000000000000000000000000000055555555555555555555555555555555555555555555500000555000005555555555555555555555555555555555555555555500055555555555555555
 000000000000000000000000005555555555555555555555555555555555555555555555500000005000055555555555555555555555555555555555555555550005555555555555555555
 000000000000000000000000055555555555555555555555555555555555000555555555500000005555555555555555555555555555555555555555555555000055555555555555555555
 000000000000000000000005555555555555555555555555555555555555500000000000055555555555555555555555555555555555555555555555555555555555555555555555555555
 000000000000000000000005555555555555555500000555555555555555500000000005555555555555555555555555555555555555555555555555555555555555555555555555555555
 000000000000000000000555555555555555550000000555555555555555555000550005555555555555555555555555555555555555555555555555555555555555555555555555555555
 000000000000000000055555555555555555550000055555555555555555555500055555555555555555555555555555555555555555555555555555555555555555555555555555555555
 000000000000000005555555555555555555500005555555555555555555555555555555555555555555555555555555555555555555555555555555555555555555555555555555555555
 000000000000000055555555555555555000000055555555555555555555555555555555555555555555555555555555555555555555555555555555555555555555555555555555555555
 000000000000055555555555555555550000005555555555555555555555555555555555555555555555555555555555555555555555555555555555555555555555555555555555555555
 000000000055555555555555555555500000005555555555555555555555555555555555555555555555555555555555555555555555555555555555555555555555555555555555555555
 000000000055555555555555555555500000005555555555555555555555555555555555555555555555555555555555555555555555555555555555555555555555555555555555555555
 000000000055555555555555555555500000005555555555555555555555555555555555555555555555555555555555555555555555555555555555555555555555555555555555555555
 000000000055555555555555555555550000000055555550000055555555555555555555555555555555555555555555555555555555555555555555555555555555555555555555555555
 000000000055555555555555555555555500000000000000000055555555555555555555555555555555555555555555555555555555555555555555555555555555555555555555555555
 000000000005555555005555555555555000000000055555555555555555555555555555555555555555555555555555555555555555555555555555555555555555555555555555555555
 000000000005555550005555555555500000000050055555005555555555555555555555555555555555555555555555555555555555555555555555555555555555555555555555555555
 000000000000050000000555555555000000000000005555555555555555555555555555555555555555555555555555555555555555555555555555555555555555555555555555555555
 000000000000000000000555555555500550000050005555555555555555555555555555555555555555555555555555555555555555555555555555555555555555555555555555555555
 000000000000000005500055555555500000005555555555555555555555555555555555555555555555555555555555555555555555555555555555555555555555555555555555555555
 000000000000000055550000555550000000005555555555555555555555555555555555555555555555555555555555555555555555555555555555555555555555555555555555555555
 000000000000005555500555555000000000005555555555555555555555555555555555555555555555555555555555555555555555555555555555555555555555555555555555555555
 000000000000000055550550000000000000005555555555555555555555555555555555555555555555555555555555555555555555555555555555555555555555555555555555555555
 000000000000000055500000000000005000555555555555555555555555555555555555555555555555555555555555555555555555555555555555555555555555555555555555555555
 000000000000000055550055500005555555555555555555555555555555555555555555555555555555555555555555555555555555555555555555555555555555555555555555555555
 500000000000005555555555555555555555555555555555555555555555555555555555555555555555555555555555555555555555555555555555555555555555555555555555555555
 500000000055555555555555555555555555555555555555555555555555555555555555555555555555555555555555555555555555555555555555555555555555555555555555555555
 555500000555555555555555555555555555555555555555555555555555555555555555555555555555555555555555555555555555555555555555555555555555555555555555555555
 550000055555555555555555555555555555555555555555555555555555555555555555555555555555555555555555555555555555555555555555555555555555555555555555555555
 550000555555555555555555555555555555555555555555555555555555555555555555555555555555555555555555555555555555555555555555555555555555555555555555555555
 500055555555555555555555555555555555555555555555555555555555555555555555555555555555555555555555555555555555555555555555555555555555555555555555555555
 000555555555555555555555555555555555555555555555555555555555555555555555555555555555555555555555555555555555555555555555555555555555555555555555555555
 055555555555555555555555555555555555555555555555555555555555555555555555555555555555555555555555555555555555555555555555555555555555555555555555555555
 555555555555555555555555555555555555555555555555555555555555555555555555555555555555555555555555555555555555555555555555555555555555555555555555555555
 555555555555555555555555555555555555555555555555555555555555555555555555555555555555555555555555555555555555555555555555555555555555555555555555555555
 555555555555555555555555555555555555555555555555555555555555555555555555555555555555555555555555555555555555555555555555555555555555555555555555555555
 555555555555555555555555555555555555555555555555555555555555555555555555555555555555555555555555555555555555555555555555555555555555555555555555555555
 555555555555555555555555555555555555555555555555555555555555555555000055555555555555555555555555555555555555555555555555555555555555555555555555555555
 555555555555555555555555555555555555555555555555555555500555555000000555555555555555555555555555555555555555555555555555555555555555555555555555555555
 555555555555555555555555555555555555555555555555555555000005555000055555555555555555555555555555555555555555555555555555555555555555555555555555555555
 555555555555555555555550055555555555555555555555555555000005555550555555555555555555555555555555555555555555555555555555555555555555555555555555555555
 555555555555555555555550000555555555555555555555555000000000050000055555555555555555555555555555555555555555555555555555555555555555555555555555555555
 555555555555555500555550000055555555555555555555555000000000000000000055555555555555555555555555555555555555555555555555555555555555555555555555555555
 555555555555500000055555000005555555555555555555555000000000000000000005555555555555555555555555555555555555555555555555555555555555555555555555555555
 555555000000000000005555550000055555555555555555550000000000000000000000055555555555555555555555555555555555555555555555555555555555555555555555555555
 555555500000000555000555550000000555555555555555550000000000000000000000005555555555555555555555555555555555555555555555555555555555555555555555555555
 555555000000000555000055555550000005555555555555550000000005555000000000005555555555555555555555555555555555555555555555555555555555555555555555555555
 555500000000000000000000555555000005555555555555555500005555555555000000005555555555555555555555555555555555555555555555555555555555555555555555555555
 550000000000000555000000005555550005555555500005500055555555555555555555555555555555555555555555555555555555555555555555555555555555555555555555555555
 500000000000000555000000000555005005555550000005555555555555555555555555555555555555555555555555555555555555555555555555555555555555555555555555555555
 000005000000000055000000000005000000555550000005555555555555555555555555555555555555555555555555555555555555555555555555555555555555555555555555555555
 000000000000000000000000000005500000055550000000555555555555555555555555555555555555555555555555555555555555555555555555555555555555555555555555555555
 000000000000000000000000000005000000005555500000555555555555555555555555555555555555555555555555555555555555555555555555555555555555555555555555555555
 000000000000000000000005555500000000005555500000055555555555555555555555555555555555555555555555555555555555555555555555555555555555555555555555555555
 000000000000000000000000555000000000000550000000055555555555555555555555555555555555555555555555555555555555555555555555555555555555555555555555555555
 000000555005555555550000005000000000000050000000000555505555555555555555555555555555555555555555555555555555555555555555555555555555555555555555555555
 055555555555555555500000000000000000000000000000000005000055500055555555555555555555555555555555555555555555555555555555555555555555555555555555555555
 555555555555555555550000000000000000000000000000000000000000000055555555555555555555555555555555555555555555555555555555555555555555555555555555555555
 555555555555555555550000000000000000000000005500000000000055500055555555555555555555555555555555555555555555555555555555555555555555555555555555555555
 555555555555555555500000000000000000000000000000000000000000000055555555555555555555555555555555555555555555555555555555555555555555555555555555555555
 555555555555555555500000000000000000000000000000000000000000000055555555555555555555555555555555555555555555555555555555555555555555555555555555555555
 555555555555555555550000000000000000000000000000000000000000000555555555555555555555555555555555555555555555555555555555555555555555555555555555555555
 555555555555555555555500000000000000000500000000000000000000000555555555555555555555555555555555555555555555555555555555555555555555555555555555555555
 555555555555555555555555555500000000555555000000000000000000005555555555555555555555555555555555555555555555555555555555555555555555555555555555555555
 555555555555555555555555555500000000555555555000000000000000005555555555555555555555555555555555555555555555555555555555555555555555555555555555555555
 555555555555555555555555555555500000555555555555550000555500055555555555555555555555555555555555555555555555555555555555555555555555555555555555555555
 555555555555555555555555555555555000555555555555555555555555555555555555555555555555555555555555555555555555555555555555555555555555555555555555555555
 555555555555555555555555555555555555555555555555555555555555555555555555555555555555555000555555555555555555555555555555555555555555555555555555555555
 555555555555555555555555555555555555555555555555555555555555555555555555555555555555550000555555555555555555555555555555555555555555555555555555555555
 555555555555555555555555555555555555555555555555555555555555555555555555555555555555550000055555555555555555555555555555555555555555555555555555555555
 555555555555555555555555555555555555555555555555555555555550555555555555555555555555555000055555555555555555555555555555555555555555555555555555555555
 555555555555555555555555555555555555555555555555555555555555000555555555555555555555555000000555555555555555555555555555555555555555555555555555555555
 555555555555555555555555555555555555555555555555555555555555500055555555555555555555555500000055555555555555555555555555555555555555555555555555555555
 555555555555555555555555555555555555555555555555555555555555500005555555555555555555555550000000055000555555555555555555555555555555555555555555555555
 555555555555555555555555555555555555555555555555555555555555500005555555555555555555555555000000000000555555555555555555555555555555555555555555555555
 555555555555555555555555555555555555555555555555555555555555550000555555555555555555555555050000000550000555555555555555555555555555555555555555555555
 555555555555555555555555555555555555555555555555555555555555555000055555555555555555555555550000005550000000000000000005555555555555555555555555555555
 555555555555555555555555555555555555555555555555555555555555555000055555555555555555555555550000055550000000000000000000555555555555555555555555555555
 555555555555555555555555555555555555555555555555555555555555555500000555555555555555555555555555555555500000000000000000055555555555555555555555555555
 555555555555555555555555555555555555555555555555555555555555555500000555555555555555555555555555555555555000000000000000005555555555555555555555555555
 555555555555555555555555555555555555555555555555555555555555555500000055555555555555555555555555555555555500000000000000000005555555555555555555555555
 555555555555555555555555555555555555555555555555555555555555555555000055555555555555555555555555555555555550000000000000000555555555555555555555555555
 555555555555555555555555555555555555555555555555555555555555555555000055555555555555555555555555555555555500000000000000000055555055555555555555555555
 555555555555555555555555555555555555555555555555555555555555555555500055555555555555555555555555555555555000000000000000000005550055555555555555555555
 555555555555555555555555555555555555555555555555555555555555555555500005555555555555555555555555555555555000000000000000000000000055555555555555555555
 555555555555555555555555555555555555555555555555555555555555555555500000055555555555555555555555555555500000000000000000000000000055555555555555555555
 555555555555555555555555555555555555555555555555555555555555555555500000055555555555555555555555555555500000000000000000000000000055555555555555555555
 555555555555555555555555555555555555555555555555555555555555555555500000005555555555555555555555555555000000000000000000000000000055555555555555555555
 555555555555555555555555555555555555555555555555555555555555555555550000005555555555555555555555555550000000000000000000000000000055555555555555555555
 555555555555555555555555555555555555555555555555555555555555555555555000000555555555555555555555555000000000000000000000000000000055555555555555555550
 555555555555555555555555555555555555555555555555555555555555555555555500000055555555555555555555550000000000000000000000000000000005555555555555555000
 555555555555555555555555555555555555555555555555555555555555555555555500000055555555555555555500000000000000000000000000000000000005555555555555555000
 555555555555555555555555555555555555555555555555555555555555555555555500000005555555555555555000000000000000000000000000000000000005555555555555500000
 555555555555555555555555555555555555555555555555555555555555555555555550000055555555555555555000000000000000000000000000000000000000555555555550000000
 555555555555555555555555555555555555555555555555555555555555555555555555500005555555555555000000000000000000000000000000000000000000555555555550000000
 555555555555555555555555555555555555555555555555555555555555555555555555550005555555555500000000000000000000000000000000000000000000055555555550000000
 555555555555555555555555555555555555555555555555555555555555555555555555555005555555500000000000000000000000000000000000000000000000055555555550000000
 555555555555555555555555555555555555555555555555555555555555555555555555555505555000000000000000000000000000000000000000000000000000055555555550000000
 555555555555555555555555555555555555555555555555555555555555555555555555555550000000000000000000500000000000000000000000000000000000005555555550000000
 555555555555555555555555555555555555555555555555555555555555555555555555555555000000000000000000000000000000000000000000000000000000005555555550000000
 555555555555555555555555555555555555555555555555555555555555555555555555555550000000000005500000000000000000000000000000000000000000000555555500000000
 555555555555555555555555555555555555555555555555555555555555555555555555555555000000555555500000000000000000000000000000000000000000000555555500000000
 555555555555555555555555555555555555555555555555555555555555555555555555555555555555555555500000000000000000000000000000000000000000000055555500000000
 555555555555555555555555555555555555555555555555555555555555555555555555555555555555555555500000000000000000000000000000000000000000000055555000000000
 555555555555555555555555555555555555555555555555555555555555555555555555555555555555555555500000000000000000000000000000000000000000000055555005000000
 555555555555555555555555555555555555555555555555555555555555555555555555555555555555555555000000000000000000000000000000000000000000000005500005500000
 555555555555555555555555555555555555555555555555555555555555555555555555555555555555555550000000000000000000000000000000000000000000000000000055500000
 555555555555555555555555555555555555555555555555555555555555555555555555555555555555555550000000000000000000000000000000000000000000000000000055550000
 555555555555555555555555555555555555555555555555555555555555555555555555555555555555555500000000000000000000000000000000000000000000000000000055550000
 555555505555555555555555555555555555555555555555555555555555555555555555555555555555555500000000000000000000000000000000000000000000000000000005550000
 550000000555555555555555555555555555555555555555555555555555555555555555555555555555555000000000000000000000000000000000000000000000000000000000000000
 000000000055555555555555555555555555555555555555555555555555555555555555555555555555555000000000000000000000000000000000000000000000000000000000000000
 000000000055555555555555555555555555555555555555555555555555555555555555555555555555550000000000000000000000000000000000000000000000000000000000000000
 000000000000000005555555555555555555555555555555555555555555555555555555555555555555500000000000000000000000000000000000000000000000000000000000000000
 000000000000000000555555555555555555555555555555555555555555555555555555555555555555000000000000000000000000000000000000000000000000000000000000000000
 000000000000000000555555555555555555555555555555555555555555555555555555555555555555000000000000000000000000000000000000000000000000000000000000000000
 000000000000000000555555555555555555555555555555555555555555555555555555555555555500000000000000000000000000000000000000000000000000000000000000000000
 000000000000000000555555555555555555555555555555555555555555555555555555555555555000000000000000000000000000000000000000000000000000000000000000000000
 000000000000000005555555555555555555555555555555555555555555555555555555555555500000000000000000000000000000000000000000000000000000000000000000000000
 000000000000000000555555555555555555555555555555555555555555555555555555555555000000000000000000000000000000000000000000000000000000000000000000000000
 000000000000000005555555555555555555555555555555555555555555555555555555555550000000000000000000000000000000000000000000000000000000000000000000000000
 000000000000000005555555555555555555555555555555555555555555555555555555555500000000000000000000000000000000000000000000000000000000000000000000000000
 000000000000000055555555555555555555555555555555555555555555555555555555555000000000000000000000000000000000000000000000000000000000000000000000000000
 000000000000000005555555555555555555555555555555555555555555555555555555555000000000000000000000000000000000000000000000000000000000000000000000000000
 000000000000000005555555555555555555555555555555555555555555555555555555550000000000000000000000000000000000000000000000000000000000000000000000000000
 000000000000000000555555555555555555555555555555555555555555555555555555500000000000000000000000000000000000000000000000000000000000000000000000000000
 000000000000000000055555555555555555555555555555555555555555555555555555000000000000000000000000000000000000000000000000000000000000000000000000000000
 000000000000000000005555555555555555555555555555555555555555555555555550000000000000000000000000000000000000000000000000000000000000000000000000000000
 000000000000000000000555555555555555555555555555555555555555555555555550000000000000000000000000000000000000000000000000000000000000000000000000000000
 000000000000000000000055555555555555555555555555555555555555555555555500000000000000000000000000000000000000000000000000000000000000000000000000000000
 000000000000000000000055555555555555555555555555555555555555555555555500000000000000000000000000000000000000000000000000000000000000000000000000000000
