 000000000000000000000000000000000000000000000000000000000000000000000000000000000000000000000000000000000000000000000000000000000000000000000000000000
 000000000000000000000000000000000000000000000000000000000000000000000000000000000000000000000000000000000000000000000000000000000000000000000000000000
 000000000000000000000000000000000000000000000000000000000000000000000000000000000000000000000000000000000000000000000000000000000000000000000000000000
 000000000000000000000000000000000000000000000000000000000000000000000000000000000000000000000000000000000000000000000000000000000000000000000000000000
 000000000000000000000000000000000000000000000000000000000000000000000000000000000000000000000000000000000000000000000000000000000000000000000000000000
 000000000000000000000000000000000000000000000000000000000000000000000000000000000000000000000000000000000000000000000000000000000000000000000000000000
 000000000000000000000000000000000000000000000000000000000000000000000000000000000000000000000000000000000000000000000000000000000000000000000000000000
 000000000000000000000000000000000000000000000000000000000000000000000000000000000000000000000000000000000000000000000000000000000000000000000000000000
 000000000000000000000000000000000000000000000000000000000000000000000000000000000000000000000000000000000000000000000000000000000000000000000000000000
 000000000000000000000000000000000000000000000000000000000000000000000000000000000000000000000000000000000000000000000000000000000000000000000000000000
 000000000000000000000000000000000000000000000000000000000000000000000000000000000000000000000000000000000000000000000000000000000000000000000000000000
 000000000000000000000000000000000000000000000000000000000000000000000000000000000000000000000000000000000000000000000000000055555555555555555000000000
 000000000000000000000000000000000000000000000000555555555555555555555555500000000000000000000000000000000000555555555555555555555555555555555555555550
 000000000000000000000000000000000000000555555555555555555555555555555555555555555500000000000000000555555555555555555555555555555555555555555555555550
 000000000000000000000000000005555555555555555555555555555555555555555555555500000055555555555555555555555555555555555555555555555555555555555555555555
 000000000000000000000055550000005555555555555555555555555555555555555555000000055555555555555555555555555555555555555555555555555555555555555555555555
 000000000000000000000055555550000000000555555555555555555555555555555000555555555555555555555555555555555555555555555555555555555555555555555555555555
 000000000000000000005555555555555550005555555555555555555555555000000000555555555555555555555555555555555555555555555555555555555555555555555555555555
 000000000000000000005555555555555555555555555555555555555555500000000000000555555555555555555555555555555555555555555555555555555555555555555555555555
 000555555555000000000005555555555555555555555555555555555500000000000555555555555555555555555555555555555555555555555555555555555555555555555555555555
