 000000000000000000000000000000000000000000000055555555555555555555555555555555555555555555555555555555555555555555555555555555550000000000000000000000
 000000000000000000000000000000000000000000000005555555555555555555555555555555555555555555555555555555555555555555555555555555550000000000000000000000
 000000000000000000000000000000000000000000000000055555555555555555555555555555555555555555555555555555555555555555555555555555555000000000000000000000
 000000000000000000000000000000000000000000000000055555555555555555555555555555555555555555555555555555555555555555555555555555555000000000000000000000
 000000000000000000000000000000000000000000000000005555555555555555555555555555555555555555555555555555555555555555555555555555550000000000000000000000
 000000000000000000000000000000000000000000000000005555555555555555555555555555555555555555555555555555555555555555555555555555550000000000000000000000
 000000000000000000000000000000000000000000000000000555555555555555555555555555555555555555555555555555555555555555555555555555550000000000000000000000
 000000000000000000000000000000000000000000000000000555555555555555555555555555555555555555555555555555555555555555555555555555500000000000000000000000
 000000000000000000000000000000000000000000000000000055555555555555555555555555555555555555555555555555555555555555555555555555000000000000000000000000
 000000000000000000000000000000000000000000000000000055555555555555555555555555555555555555555555555555555555555555555555555550000000000000000000000000
 000000000000000000000000000000000000000000000000000005555555555555555555555555555555555555555555555555555555555555555555555500000000000000000000000000
 000000000000000000000000000000000000000000000000000005555555555555555555555555555555555555555555555555555555555555555555555500000000000000000000000000
 000000000000000000000000000000000000000000000000000000555555555555555555555555555555555555555555555555555555555555555555555000000000000000000000000000
 000000000000000000000000000000000000000000000000000000055555555555555555555555555555555555555555555555555555555555555555500000000000000000000000000000
 000000000000000000000000000000000000000000000000000000055555555555555555555555555555555555555555555555555555555555555555500000000000000000000000000000
 000000000000000000000000000000000000000000000000000000055555555555555555555555555555555555555555555555555555555555555555500000000000000000000000000000
 000000000000000000000000000000000000000000000000000000005555555555555555555555555555555555555555555555555555555555555555500000000000000000000000000000
 000000000000000000000000000000000000000000000000000000000555555555555555555555555555555555555555555555555555555555555555500000000000000000000000000000
 000000000000000000000000000000000000000000000000000000000005555555555555555555555555555555555555555555555555555555555555500000000000000000000000000000
 000000000000000000000000000000000000000000000000000000000000055555555555555555555555555555555555555555555555555555555555500000000000000000000000000000
 000000000000000000000000000000000000000000000000000000000000000555555555555555555555555555555555555555555555555555555555500000000000000000000000000000
 000000000000000000000000000000000000000000000000000000000000000055555555555555555555555555555555555555555555555555555555500000000000000000000000000000
 000000000000000000000000000000000000000000000000000000000000000005555555555555555555555555555555555555555555555555555555000000000000000000000000000000
 000000000000000000000000000000000000000000000000000000000000000005555555555555555555555555555555555555555555555555555555000000000000000000000000000000
 000000000000000000000000000000000000000000000000000000000000000000555555555555555555555555555555555555555555555555555555000000000000000000000000000000
 000000000000000000000000000000000000000000000000000000000000000000555555555555555555555555555555555555555555555555555550000000000000000000000000000000
 000000000000000000000000000000000000000000000000000000000000000000555555555555555555555555555555555555555555555555555550000000000000000000000000000000
 000000000000000000000000000000000000000000000000000000000000000000555555555555555555555555555555555555555555555555555500000000000000000000000000000000
 000000000000000000000000000000000000000000000000000000000000000000555555555555555555555555555555555555555555555555555500000000000000000000000000000000
 000000000000000000000000000000000000000000000000000000000000000000555555555555555555555555555555555555555555555555555000000000000000000000000000000000
 000000000000000000000000000000000000000000000000000000000000000000555555555555555555555555555555555555555555555555550000000000000000000000000000000000
 000000000000000000000000000000000000000000000000000000000000000005555555555555555555555555555555555555555555555000000000000000000000000000000000000000
 000000000000000000000000000000000000000000000000000000000000000005555555555555555555555555555555555555555555500000000000000000000000000000000000000000
 000000000000000000000000000000000000000000000000000000000000000005555555555555555555555555555555555555555550000000000000000000000000000000000000000000
 000000000000000000000000000000000000000000000000000000000000000005555555555555555555555555555555555555555000000000000000000000000000000000000000000000
 000000000000000000000000000000000000000000000000000000000000000005555555555555555555555555555555555555550000000000000000000000000000000000000000000000
 000000000000000000000000000000000000000000000000000000000000000005555555555555555555555555555555555555550000000000000000000000000000000000000000000000
 000000000000000000000000000000000000000000000000000000000000000005555555555555555555555555555555555555550000000000000000000000000000000000000000000000
 000000000000000000000000000000000000000000000000000000000000000055555555555555555555555555555555555555550000000000000000000000000000000000000000000000
 000000000000000000000000000000000000000000000000000000000000000055555555555555555555555555555555555555550000000000000000000000000000000000000000000000
 000000000000000000000000000000000000000000000000000000000000000055555555555555555555555555555555555555550000000000000000000000000000000000000000000000
 000000000000000000000000000000000000000000000000000000000000000555555555555555555555555555555555555555500000000000000000000000000000000000000000000000
 000000000000000000000000000000000000000000000000000000000000000055555555555555555555555555555555555555000000000000000000000000000000000000000000000000
 000000000000000000000000000000000000000000000000000000000000000055555555555555555555555555555555555550000000000000000000000000000000000000000000000000
 000000000000000000000000000000000000000000000000000000000000000555555555555555555555555555555555555000000000000000000000000000000000000000000000000000
 000000000000000000000000000000000000000000000000000000000000000555555555555555555555555555555555555000000000000000000000000000000000000000000000000000
 000000000000000000000000000000000000000000000000000000000000000555555555555555555555555555555555550000000000000000000000000000000000000000000000000000
 000000000000000000000000000000000000000000000000000000000000000555555555555555555555555555555555550000000000000000000000000000000000000000000000000000
 000000000000000000000000000000000000000000000000000000000000000555555555555555555555555555555555000000000000000000000000000000000000000000000000000000
 000000000000000000000000000000000000000000000000000000000000000555555555555555555555555555555555000000000000000000000000000000000000000000000000000000
 000000000000000000000000000000000000000000000000000000000000000555555555555555555555555555555550000000000000000000000000000000000000000000000000000000
 000000000000000000000000000000000000000000000000000000000000005555555555555555555555555005555500000000000000000000000000000000000000000000000000000000
 000000000000000000000000000000000000000000000000000000000000005555555555555555555555555500000000000000000000000000000000000000000000000000000000000000
 000000000000000000000000000000000000000000000000000000000000055555555555555555555555555550000000000000000000000000000000000000000000000000000000000000
 000000000000000000000000000000000000000000000000000000000000055555555555555555555555555550000000000000000000000000000000000000000000000000000000000000
 000000000000000000000000000000000000000000000000000000000000055555555555555555555555555555000000000000000000000000000000000000000000000000000000000000
 000000000000000000000000000000000000000000000000000000000000555555555555555555555555555550000000000000000000000000000000000000000000000000000000000000
 000000000000000000000000000000000000000000000000000000000000555555555555555555555555555500000000000000000000000000000000000000000000000000000000000000
 000000000000000000000000000000000000000000000000000000000000555555555555555555555555555000000000000000000000000000000000000000000000000000000000000000
 000000000000000000000000000000000000000000000000000000000000555555555555555555550000000000000000000000000000000000000000000000000000000000000000000000
 000000000000000000000000000000000000000000000000000000000000555555555555555555550000000000000000000000000000000000000000000000000000000000000000000000
 000000000000000000000000000000000000000000000000000000000000555555555555555555550000000000000000000000000000000000000000000000000000000000000000000000
 000000000000000000000000000000000000000000000000000000000005555555555555555555550000000000000000000000000000000000000000000000000000000000000000000000
 000000000000000000000000000000000000000000000000000000000005555555555555555000000000000000000000000000000000000000000000000000000000000000000000000000
 000000000000000000000000000000000000000000000000000000000005055555555555550000000000000000000000000000000000000000000000000000000000000000000000000000
 000000000000000000000000000000000000000000000000000000000005055555555555555505000000000000000000000000000000000000000000000000000000000000000000000000
 000000000000000000000000000000000000000000000000000000000005055555555555555500000000000000000000000000000000000000000000000000000000000000000000000000
 000000000000000000000000000000000000000000000000000000000000055555555555550000000000000000000000000000000000000000000000000000000000000000000000000000
 000000000000000000000000000000000000000000000000000000000000555555555555550000000000000000000000000000000000000000000000000000000000000000000000000000
 000000000000000000000000000000000000000000000000000000000005555555555555555000000000000000000000000000000000000000000000000000000000000000000000000000
 000000000000000000000000000000000000000000000000000000000005555555555555000000000000000000000000000000000000000000000000000000000000000000000000000000
 000000000000000000000000000000000000000000000000000000000555555555555550000000000000000000000000000000000000000000000000000000000000000000000000000000
 000000000000000000000000000000000000000000000000000000000555555555555500000000000000000000000000000000000000000000000000000000000000000000000000000000
 000000000000000000000000000000000000000000000000000000000005555555555550000000000000000000000000000000000000000000000000000000000000000000000000000000
 000000000000000000000000000000000000000000000000000000000005555555555555500000000000000000000000000000000000000000000000000000000000000000000000000000
 000000000000000000000000000000000000000000000000000000005555555555555555500000000000000000000000000000000000000000000000000000000000000000000000000000
 000000000000000000000000000000000000000000000000000000005555555555555550000000000000000000000000000000000000000000000000000000000000000000000000000000
 000000000000000000000000000000000000000000000000000000005555555555555500000000000000000000000000000000000000000000000000000000000000000000000000000000
 000000000000000000000000000000000000000000000000000000005555555555555500000000000000000000000000000000000000000000000000000000000000000000000000000000
 000000000000000000000000000000000000000000000000000000000555555555555000000000000000000000000000000000000000000000000000000000000000000000000000000000
 000000000000000000000000000000000000000000000000000000000555555555500000000000000000000000000000000000000000000000000000000000000000000000000000000000
 000000000000000000000000000000000000000000000000000000000005555555500000000000000000000000000000000000000000000000000000000000000000000000000000000000
 000000000000000000000000000000000000000000000000000000000005555555555000000000000000550000000000000000000000000000000000000000000000000000000000000000
 000000000000000000000000000000000000000000000000000000000005555555500000000000000000000000000000000000000000000000000000000000000000000000000000000000
 000000000000000000000000000000000000000000000000000000000000555555555000000000000000000000000000000000000000000000000000000000000000000000000000000000
 000000000000000000000000000000000000000000000000000000000000555555555500000000000000000000000000000000000000000000000000000000000000000000000000000000
 000000000000000000000000000000000000000000000000000000000000005555555550000000000000000000000000000000000000000000000000000000000000000000000000000000
 000000000000000000000000000000000000000000000000000000000000000055555555550000000000000000000000000000000000000000000000000000000000000000000000000000
 000000000000000000000000000000000000000000000000000000000000000000055500000000000000000000000000000000000000000000000000000000000000000000000000000000
 000000000000000000000000000000000000000000000000000000000000000000000000000000000000000000000000000000000000000000000000000000000000000000000000000000
 000000000000000000000000000000000000000000000000000000000000000000000000000000000000000000000000000000000000000000000000000000000000000000000000000000
 000000000000000000000000000000000000000000000000000000000000000000000000000000000000000000000000000000000000000000000000000000000000000000000000000000
 000000000000000000000000000000000000000000000000000000000000000000000000000000000000000000000000000000000000000000000000000000000000000000000000000000
 000000000000000000000000000000000000000000000000000000000000000000000000000000000000000000000000000000000000000000000000000000000000000000000000000000
 000000000000000000000000000000000000000000000000000000000000000000000000000000000000000000000000000000000000000000000000000000000000000000000000000000
 000000000000000000000000000000000000000000000000000000000000000000000000000000000000000000000000000000000000000000000000000000000000000000000000000000
 000000000000000000000000000000000000000000000000000000000000000000000000000000000000000000000000000000000000000000000000000000000000000000000000000000
 000000000000000000000000000000000000000000000000000000000000000000000000000000000000000000000000000000000000000000000000000000000000000000000000000000
 000000000000000000000000000000000000000000000000000000000000000000000000000000000000000000000000000000000000000000000000000000000000000000000000000000
 000000000000000000000000000000000000000000000000000000000000000000000000000000000000000000000000000000000000000000000000000000000000000000000000000000
 000000000000000000000000000000000000000000000000000000000000000000000000000000000000000000000000000000000000000000000000000000000000000000000000000000
 000000000000000000000000000000000000000000000000000000000000000000000000000000000000000000000000000000000000000000000000000000000000000000000000000000
 000000000000000000000000000000000000000000000000000000000000000000000000000000000000000000000000000000000000000000000000000000000000000000000000000000
 000000000000000000000000000000000000000000000000000000000000000000000000000000000000005000000000000000000000000000000000000000000000000000000000000000
 000000000000000000000000000000000000000000000000000000000000000000000000000000000055550550000000000000000000000000000000000000000000000000000000000000
 000000000000000000000000000000000000000000000000000000000000000000000000000055555555500000000000000000000000000000000000000000000000000000000000000000
 000000000000000000000000000000000000000000000000000000000000000000000000000055555555500000000000000000000000000000000000000000000000000000000000000000
 000000000000000000000000000000000000000000000000000000000000000000000000000555555550000000000000000000000000000000000000000000000000000000000000000000
 000000000000000000000000000000000000000000000000000000000000000000000000055555555550000000000000000000000000000000000000000000000000000000000000000000
 000000000000000000000000000000000000000000000000000000000000000000005555555555555550000000000000000000000000000000000000000000000000000000000000000000
 000000000000000000000000000000000000000000000000000000000000000000000005555555555550000000000000000000000000000000000000000000000000000000000000000000
 000000000000000000000000000000000000000000000000000000000000000000000005555555555555500000000000000000000000000000000000000000000000000000000000000000
 000000000000000000000000000000000000000000000000000000000000000000000005555555555555500000000000000000000000000000000000000000000000000000000000000000
 000000000000000000000000000000000000000000000000000000000000005555000055555555555550000000000000000000000000000000000000000000000000000000000000000000
 000000000000000000000000000000000000000000000000000000005555555555555555555555555550000000000000000000000000000000000000000000000000000000000000000000
 000000000000000000000000000000000000000000000000000000000555555555555555555555555555000000000000000000000000000000000000000000000000000000000000000000
 000000000000000000000000000000000000000000000000000000000005555555555555555555555555000000000000000000000000000000000000000000000000000000000000000000
 000000000000000000000000000000000000000000000000000000055555555555555555555555555555000000000000000000000000000000000000000000000000000000000000000000
 000000055555555555550000000000000000000000000000000000000000055555555555555555555555000000000000000000000000000000000000000000000000000000000000000000
 000000055555555555555555555555555500000000000000000555550000055555555555555555555555000000000000000000000000000000000000000000000000000000000000000000
 000000055555555555555555555555555555555555555555555555555555555555555555555555555550000000000000000000000000000000000000000000000000000000000000000000
 000000000555555555555555555555555555555555555555555555555555555555555555555555555550000000000000000000000000000000000000000000000000000000000000000000
 555000000555555555555555555555555555555555555555555555555555555555555555555555555550000000000000000000000000000000000000000000000000000000000000000005
 555555500555555555555555555555555555555555555555555555555555555555555555555555555000000000000000000000000000000000000000000000000000000000000000000555
 555555555555555555555555555555555555555555555555555555555555555555555555555555555555500000000000000000000000000000000000000000000000000000000005555555
 555555555555555555555555555555555555555555555555555555555555555555555555555555555555555550000000000000000000000000000000000000000000000000000055555555
 555555555555555555555555555555555555555555555555555555555555555555555555555555555555555555555500000000000000000000000000000000000000000005555555555555
 555555555555555555555555555555555555555555555555555555555555555555555555555555555555555555555555555550000000000000000000000000000055555555555555555555
 555555555555555555555555555555555555555555555555555555555555555555555555555555555555555555555555555555555550000000555000000000005555555555555555555555
 555555555555555555555555555555555555555555555555555555555555555555555555555555555555555555555555555555555555555555555555555555555555555555555555555555
 555555555555555555555555555555555555555555555555555555555555555555555555555555555555555555555555555555555555555555555555555555555555555555555555555555
 555555555555555555555555555555555555555555555555555555555555555555555555555555555555555555555555555555555555555555555555555555555555555555555555555555
 555555555555555555555555555555555555555555555555555555555555555555555555555555555555555555555555555555555555555555555555555555555555555555555555555555
 555555555555555555555555555555555555555555555555555555555555555555555555555555555555555555555555555555555555555555555555555555555555555555555555555555
 555555555555555555555555555555555555555555555555555555555555555555555555555555555555555555555555555555555555555555555555555555555555555555555555555555
 555555555555555555555555555555555555555555555555555555555555555555555555555555555555555555555555555555555555555555555555555555555555555555555555555555
 555555555555555555555555555555555555555555555555555555555555555555555555555555555555555555555555555555555555555555555555555555555555555555555555555555
 555555555555555555555555555555555555555555555555555555555555555555555555555555555555555555555555555555555555555555555555555555555555555555555555555555
 555555555555555555555555555555555555555555555555555555555555555555555555555555555555555555555555555555555555555555555555555555555555555555555555555555
 555555555555555555555555555555555555555555555555555555555555555555555555555555555555555555555555555555555555555555555555555555555555555555555555555555
 555555555555555555555555555555555555555555555555555555555555555555555555555555555555555555555555555555555555555555555555555555555555555555555555555555
 555555555555555555555555555555555555555555555555555555555555555555555555555555555555555555555555555555555555555555555555555555555555555555555555555555
 555555555555555555555555555555555555555555555555555555555555555555555555555555555555555555555555555555555555555555555555555555555555555555555555555555
 555555555555555555555555555555555555555555555555555555555555555555555555555555555555555555555555555555555555555555555555555555555555555555555555555555
 555555555555555555555555555555555555555555555555555555555555555555555555555555555555555555555555555555555555555555555555555555555555555555555555555555
 555555555555555555555555555555555555555555555555555555555555555555555555555555555555555555555555555555555555555555555555555555555555555555555555555555
 555555555555555555555555555555555555555555555555555555555555555555555555555555555555555555555555555555555555555555555555555555555555555555555555555555
 555555555555555555555555555555555555555555555555555555555555555555555555555555555555555555555555555555555555555555555555555555555555555555555555555555
 555555555555555555555555555555555555555555555555555555555555555555555555555555555555555555555555555555555555555555555555555555555555555555555555555555
 555555555555555555555555555555555555555555555555555555555555555555555555555555555555555555555555555555555555555555555555555555555555555555555555555555
