 5555555555555555555555555555555555555555
 5555555555555555555555555555555555555555
 5555555555555555555555555555555555555555
 5555555555555555555555555555555555555555
 5555555555555555555555555555555555555555
 5555555555555555555555555555555555555555
 5555555555555555555555555555555555555555
 5555555555555555555555555555555555555555
 5555555555555555555555555555555555555555
 5555555555555555555555555555555555555555
 5555555555555555555555555555555555555555
 5555555555555555555555555555555555555555
 5555555555555555555555555555555555555555
 5555555555555555555555555555555555555555
 5555555555555555555555555555555555555555
 5555555555555555555555555555555555555555
 5555555555555555555555555555555555555555
 5555555555555555555555555555555555555555
 5555555555555555555555555555555555555555
 5555555555555555555555555555555555555555
 5555555555555555555555555555555555555555
 5555555555555555555555555555555555555555
 5555555555555555555555555555555555555555
 5555555555555555555555555555555555555555
 5555555555555555555555555555555555555555
 0000000000000000000000000000000000000000
 0000000000000000000000000000000000000000
 0000000000000000000000000000000000000000
 0000000000000000000000000000000000000000
 0000000000000000000000000000000000000000
 0000000000000000000000000000000000000000
 0000000000000000000000000000000000000000
 0000000000000000000000000000000000000000
 0000000000000000000000000000000000000000
 0000000000000000000000000000000000000000
 0000000000000000000000000000000000000000
 0000000000000000000000000000000000000000
 0000000000000000000000000000000000000000
 0000000000000000000000000000000000000000
 0000000000000000000000000000000000000000
 0000000000000000000000000000000000000000
 0000000000000000000000000000000000000000
 0000000000000000000000000000000000000000
 0000000000000000000000000000000000000000
 0000000000000000000000000000000000000000
 0000000000000000000000000000000000000000
 0000000000000000000000000000000000000000
 0000000000000000000000000000000000000000
 0000000000000000000000000000000000000000
 0000000000000000000000000000000000000000
 0000000000000000000000000000000000000000
 0000000000000000000000000000000000000000
 0000000000000000000000000000000000000000
 0000000000000000000000000000000000000000
 0000000000000000000000000000000000000000
 0000000000000000000000000000000000000000
 0000000000000000000000000000000000000000
 0000000000000000000000000000000000000000
 0000000000000000000000000000000000000000
 0000000000000000000000000000000000000000
 0000000000000000000000000000000000000000
 0000000000000000000000000000000000000000
 0000000000000000000000000000000000000000
 0000000000000000000000000000000000000000
 0000000000000000000000000000000000000000
 0000000000000000000000000000000000000000
 0000000000000000000000000000000000000000
 0000000000000000000000000000000000000000
 0000000000000000000000000000000000000000
 0000000000000000000000000000000000000000
 0000000000000000000000000000000000000000
 0000000000000000000000000000000000000000
 0000000000000000000000000000000000000000
 0000000000000000000000000000000000000000
 0000000000000000000000000000000000000000
 0000000000000000000000000000000000000000
 0000000000000000000000000000000000000000
 0000000000000000000000000000000000000000
 0000000000000000000000000000000000000000
 0000000000000000000000000000000000000000
 0000000000000000000000000000000000000000
 0000000000000000000000000000000000000000
 0000000000000000000000000000000000000000
 0000000000000000000000000000000000000000
 0000000000000000000000000000000000000000
 0000000000000000000000000000000000000000
 0000000000000000000000000000000000000000
 0000000000000000000000000000000000000000
 0000000000000000000000000000000000000000
 0000000000000000000000000000000000000000
 0000000000000000000000000000000000000000
 0000000000000000000000000000000000000000
 0000000000000000000000000000000000000000
 0000000000000000000000000000000000000000
 0000000000000000000000000000000000000000
 0000000000000000000000000000000000000000
 0000000000000000000000000000000000000000
 0000000000000000000000000000000000000000
 0000000000000000000000000000000000000000
 0000000000000000000000000000000000000000
 0000000000000000000000000000000000000000
 0000000000000000000000000000000000000000
 0000000000000000000000000000000000000000
 0000000000000000000000000000000000000000
 0000000000000000000000000000000000000000
 0000000000000000000000000000000000000000
 0000000000000000000000000000000000000000
 0000000000000000000000000000000000000000
 0000000000000000000000000000000000000000
 0000000000000000000000000000000000000000
 0000000000000000000000000000000000000000
 0000000000000000000000000000000000000000
 0000000000000000000000000000000000000000
 0000000000000000000000000000000000000000
 00000000000000000000000000000000000000@@
 000000000000000000000000@00000@@@@@@@@@@
 0000000000000000000000@@@@@@@@@@@@@@@@@@
 000000000000000000@@@@@@@@@@@@@@@@@@@@@@
 00000000000000@@@@@@@@@@@@@@@@@@@@@@@@@@
 00000000@@@@@@@@@@@@@@@@@@@@@@@@@@@@@@@@
 000000@@@@@@@@@@@@@@@@@@@@@@@@@@@@@@@@@@
 0000@@@@@@@@@@@@@@@@@@@@@@@@@@@@@@@@@@@@
 @@@@@@@@@@@@@@@@@@@@@@@@@@@@@@@@@@@@@@@@
 @@@@@@@@@@@@@@@@@@@@@@@@@@@@@@@@@@@@@@@@
 @@@@@@@@@@@@@@@@@@@@@@@@@@@@@@@@@@@@@@@@
 @@@@@@@@@@@@@@@@@@@@@@@@@@@@@@@@@@@@@@@@
 @@@@@@@@@@@@@@@@@@@@@@@@@@@@@@@@@@@@@@@@
 @@@@@@@@@@@@@@@@@@@@@@@@@@@@@@@@@@@@@@@@
 @@@@@@@@@@@@@@@@@@@@@@@@@@@@@@@@@@@@@@@@
 @@@@@@@@@@@@@@@@@@@@@@@@@@@@@@@@@@@@@@@@
 @@@@@@@@@@@@@@@@@@@@@@@@@@@@@@@@@@@@@@@@
 @@@@@@@@@@@@@@@@@@@@@@@@@@@@@@@@@@@@@@@@
 @@@@@@@@@@@@@@@@@@@@@@@@@@@@@@@@@@@@@@@@
 @@@@@@@@@@@@@@@@@@@@@@@@@@@@@@@@@@@@@@@@
 @@@@@@@@@@@@@@@@@@@@@@@@@@@@@@@@@@@@@@@@
 @@@@@@@@@@@@@@@@@@@@@@@@@@@@@@@@@@@@@@@@
 @@@@@@@@@@@@@@@@@@@@@@@@@@@@@@@@@@@@@@@@
 @@@@@@@@@@@@@@@@@@@@@@@@@@@@@@@@@@@@@@@@
 @@@@@@@@@@@@@@@@@@@@@@@@@@@@@@@@@@@@@@@@
 @@@@@@@@@@@@@@@@@@@@@@@@@@@@@@@@@@@@@@@@
 @@@@@@@@@@@@@@@@@@@@@@@@@@@@@@@@@@@@@@@@
 @@@@@@@@@@@@@@@@@@@@@@@@@@@@@@@@@@@@@@@@
 @@@@@@@@@@@@@@@@@@@@@@@@@@@@@@@@@@@@@@@@
 @@@@@@@@@@@@@@@@@@@@@@@@@@@@@@@@@@@@@@@@
 @@@@@@@@@@@@@@@@@@@@@@@@@@@@@@@@@@@@@@@@
 @@@@@@@@@@@@@@@@@@@@@@@@@@@@@@@@@@@@@@@@
 @@@@@@@@@@@@@@@@@@@@@@@@@@@@@@@@@@@@@@@@
 @@@@@@@@@@@@@@@@@@@@@@@@@@@@@@@@@@@@@@@@
 @@@@@@@@@@@@@@@@@@@@@@@@@@@@@@@@@@@@@@@@
 @@@@@@@@@@@@@@@@@@@@@@@@@@@@@@@@@@@@@@@@
