   -89.57008955060660     
   -89.01317613102201     
   -88.45297383671300     
   -87.89202844534439     
   -87.33080117973761     
   -86.76943751452760     
   -86.20799762142310     
   -85.64651084795280     
   -85.08499320091190     
   -84.52345414891440     
   -83.96189964971811     
   -83.40033363873690     
   -82.83875881970950     
   -82.27717711143370     
   -81.71558991326640     
   -81.15399826971290     
   -80.59240297617769     
   -80.03080464903140     
   -79.46920377329160     
   -78.90760073583790     
   -78.34599584903560     
   -77.78438936784860     
   -77.22278150244510     
   -76.66117242762040     
   -76.09956228993811     
   -75.53795121320810     
   -74.97633930273740     
   -74.41472664866200     
   -73.85311332858380     
   -73.29149940967631     
   -72.72988495037950     
   -72.16827000177470     
   -71.60665460870750     
   -71.04503881071130     
   -70.48342264277130     
   -69.92180613596040     
   -69.36018931797170     
   -68.79857221356539     
   -68.23695484494770     
   -67.67533723209171     
   -67.11371939301129     
   -66.55210134399610     
   -65.99048309981271     
   -65.42886467387891     
   -64.86724607841430     
   -64.30562732457130     
   -63.74400842254920     
   -63.18238938169410     
   -62.62077021058610     
   -62.05915091711670     
   -61.49753150855640     
   -60.93591199161460     
   -60.37429237249300     
   -59.81267265693270     
   -59.25105285025650     
   -58.68943295740610     
   -58.12781298297580     
   -57.56619293124270     
   -57.00457280619360     
   -56.44295261154930     
   -55.88133235078660     
   -55.31971202715790     
   -54.75809164370920     
   -54.19647120329650     
   -53.63485070859990     
   -53.07323016213770     
   -52.51160956627790     
   -51.94998892324980     
   -51.38836823515390     
   -50.82674750397100     
   -50.26512673157090     
   -49.70350591972000     
   -49.14188507008870     
   -48.58026418425740     
   -48.01864326372300     
   -47.45702230990430     
   -46.89540132414700     
   -46.33378030772850     
   -45.77215926186230     
   -45.21053818770180     
   -44.64891708634440     
   -44.08729595883460     
   -43.52567480616740     
   -42.96405362929110     
   -42.40243242911060     
   -41.84081120648900     
   -41.27918996225080     
   -40.71756869718410     
   -40.15594741204220     
   -39.59432610754570     
   -39.03270478438490     
   -38.47108344322050     
   -37.90946208468600     
   -37.34784070938880     
   -36.78621931791170     
   -36.22459791081430     
   -35.66297648863380     
   -35.10135505188690     
   -34.53973360107000     
   -33.97811213666110     
   -33.41649065911990     
   -32.85486916888960     
   -32.29324766639670     
   -31.73162615205290     
   -31.17000462625500     
   -30.60838308938610     
   -30.04676154181600     
   -29.48513998390210     
   -28.92351841598960     
   -28.36189683841270     
   -27.80027525149450     
   -27.23865365554770     
   -26.67703205087540     
   -26.11541043777130     
   -25.55378881652000     
   -24.99216718739760     
   -24.43054555067230     
   -23.86892390660430     
   -23.30730225544650     
   -22.74568059744470     
   -22.18405893283800     
   -21.62243726185930     
   -21.06081558473490     
   -20.49919390168570     
   -19.93757221292690     
   -19.37595051866820     
   -18.81432881911450     
   -18.25270711446580     
   -17.69108540491750     
   -17.12946369066050     
   -16.56784197188160     
   -16.00622024876360     
   -15.44459852148580     
   -14.88297679022350     
   -14.32135505514870     
   -13.75973331643040     
   -13.19811157423420     
   -12.63648982872290     
   -12.07486808005680     
   -11.51324632839310     
   -10.95162457388690     
   -10.39000281669090     
   -9.828381056955600     
   -9.266759294829381     
   -8.705137530458790     
   -8.143515763988560     
   -7.581893995561750     
   -7.020272225319850     
   -6.458650453402960     
   -5.897028679949790     
   -5.335406905097960     
   -4.773785128983870     
   -4.212163351743020     
   -3.650541573509990     
   -3.088919794418650     
   -2.527298014602130     
   -1.965676234193080     
   -1.404054453323610     
  -0.8424326721255390     
  -0.2808108907304070     
   0.2808108907304070     
   0.8424326721255390     
    1.404054453323610     
    1.965676234193080     
    2.527298014602130     
    3.088919794418650     
    3.650541573509990     
    4.212163351743020     
    4.773785128983870     
    5.335406905097960     
    5.897028679949790     
    6.458650453402960     
    7.020272225319850     
    7.581893995561750     
    8.143515763988560     
    8.705137530458790     
    9.266759294829381     
    9.828381056955600     
    10.39000281669090     
    10.95162457388690     
    11.51324632839310     
    12.07486808005680     
    12.63648982872290     
    13.19811157423420     
    13.75973331643040     
    14.32135505514870     
    14.88297679022350     
    15.44459852148580     
    16.00622024876360     
    16.56784197188160     
    17.12946369066050     
    17.69108540491750     
    18.25270711446580     
    18.81432881911450     
    19.37595051866820     
    19.93757221292690     
    20.49919390168570     
    21.06081558473490     
    21.62243726185930     
    22.18405893283800     
    22.74568059744470     
    23.30730225544650     
    23.86892390660430     
    24.43054555067230     
    24.99216718739760     
    25.55378881652000     
    26.11541043777130     
    26.67703205087540     
    27.23865365554770     
    27.80027525149450     
    28.36189683841270     
    28.92351841598960     
    29.48513998390210     
    30.04676154181600     
    30.60838308938610     
    31.17000462625500     
    31.73162615205290     
    32.29324766639670     
    32.85486916888960     
    33.41649065911990     
    33.97811213666110     
    34.53973360107000     
    35.10135505188690     
    35.66297648863380     
    36.22459791081430     
    36.78621931791170     
    37.34784070938880     
    37.90946208468600     
    38.47108344322050     
    39.03270478438490     
    39.59432610754570     
    40.15594741204220     
    40.71756869718410     
    41.27918996225080     
    41.84081120648900     
    42.40243242911060     
    42.96405362929110     
    43.52567480616740     
    44.08729595883460     
    44.64891708634440     
    45.21053818770180     
    45.77215926186230     
    46.33378030772850     
    46.89540132414700     
    47.45702230990430     
    48.01864326372300     
    48.58026418425740     
    49.14188507008870     
    49.70350591972000     
    50.26512673157090     
    50.82674750397100     
    51.38836823515390     
    51.94998892324980     
    52.51160956627790     
    53.07323016213770     
    53.63485070859990     
    54.19647120329650     
    54.75809164370920     
    55.31971202715790     
    55.88133235078660     
    56.44295261154930     
    57.00457280619360     
    57.56619293124270     
    58.12781298297580     
    58.68943295740610     
    59.25105285025650     
    59.81267265693270     
    60.37429237249300     
    60.93591199161460     
    61.49753150855640     
    62.05915091711670     
    62.62077021058610     
    63.18238938169410     
    63.74400842254920     
    64.30562732457130     
    64.86724607841430     
    65.42886467387891     
    65.99048309981271     
    66.55210134399610     
    67.11371939301129     
    67.67533723209171     
    68.23695484494770     
    68.79857221356539     
    69.36018931797170     
    69.92180613596040     
    70.48342264277130     
    71.04503881071130     
    71.60665460870750     
    72.16827000177470     
    72.72988495037950     
    73.29149940967631     
    73.85311332858380     
    74.41472664866200     
    74.97633930273740     
    75.53795121320810     
    76.09956228993811     
    76.66117242762040     
    77.22278150244510     
    77.78438936784860     
    78.34599584903560     
    78.90760073583790     
    79.46920377329160     
    80.03080464903140     
    80.59240297617769     
    81.15399826971290     
    81.71558991326640     
    82.27717711143370     
    82.83875881970950     
    83.40033363873690     
    83.96189964971811     
    84.52345414891440     
    85.08499320091190     
    85.64651084795280     
    86.20799762142310     
    86.76943751452760     
    87.33080117973761     
    87.89202844534439     
    88.45297383671300     
    89.01317613102201     
    89.57008955060660     
