# Latitude Weight Points
1 8.95700895506066E+01 7.22417022893012E-05 48
2 8.90131761310220E+01 1.68158195616948E-04 64
3 8.84529738367130E+01 2.64200571979866E-04 80
4 8.78920284453444E+01 3.60229901103989E-04 80
5 8.73308011797376E+01 4.56227095866134E-04 96
6 8.67694375145276E+01 5.52181197609065E-04 112
7 8.62079976214231E+01 6.48082526890580E-04 112
8 8.56465108479528E+01 7.43921712961107E-04 128
9 8.50849932009119E+01 8.39689484512363E-04 128
10 8.45234541489144E+01 9.35376611415834E-04 144
11 8.39618996497181E+01 1.03097388562788E-03 144
12 8.34003336387369E+01 1.12647211435034E-03 160
13 8.28387588197095E+01 1.22186211760014E-03 160
14 8.22771771114337E+01 1.31713472754676E-03 192
15 8.17155899132664E+01 1.41228078862246E-03 192
16 8.11539982697129E+01 1.50729115799506E-03 192
17 8.05924029761777E+01 1.60215670622107E-03 192
18 8.00308046490314E+01 1.69686831799275E-03 224
19 7.94692037732916E+01 1.79141689293615E-03 224
20 7.89076007358379E+01 1.88579334643737E-03 224
21 7.83459958490356E+01 1.97998861048504E-03 224
22 7.77843893678486E+01 2.07399363452170E-03 240
23 7.72227815024451E+01 2.16779938630021E-03 240
24 7.66611724276204E+01 2.26139685274268E-03 256
25 7.60995622899381E+01 2.35477704080024E-03 256
26 7.55379512132081E+01 2.44793097831276E-03 288
27 7.49763393027374E+01 2.54084971486788E-03 288
28 7.44147266486620E+01 2.63352432265867E-03 288
29 7.38531133285838E+01 2.72594589733983E-03 288
30 7.32914994096763E+01 2.81810555888202E-03 288
31 7.27298849503795E+01 2.90999445242416E-03 320
32 7.21682700017747E+01 3.00160374912351E-03 320
33 7.16066546087075E+01 3.09292464700346E-03 320
34 7.10450388107113E+01 3.18394837179883E-03 320
35 7.04834226427713E+01 3.27466617779859E-03 320
36 6.99218061359604E+01 3.36506934868594E-03 336
37 6.93601893179717E+01 3.45514919837554E-03 336
38 6.87985722135654E+01 3.54489707184801E-03 384
39 6.82369548449477E+01 3.63430434598132E-03 384
40 6.76753372320917E+01 3.72336243037927E-03 384
41 6.71137193930113E+01 3.81206276819674E-03 384
42 6.65521013439961E+01 3.90039683696182E-03 384
43 6.59904830998127E+01 3.98835614939459E-03 384
44 6.54288646738789E+01 4.07593225422256E-03 384
45 6.48672460784143E+01 4.16311673699262E-03 384
46 6.43056273245713E+01 4.24990122087953E-03 400
47 6.37440084225492E+01 4.33627736749070E-03 400
48 6.31823893816941E+01 4.42223687766737E-03 400
49 6.26207702105861E+01 4.50777149228198E-03 432
50 6.20591509171167E+01 4.59287299303171E-03 432
51 6.14975315085564E+01 4.67753320322809E-03 432
52 6.09359119916146E+01 4.76174398858260E-03 432
53 6.03742923724930E+01 4.84549725798827E-03 432
54 5.98126726569327E+01 4.92878496429701E-03 432
55 5.92510528502565E+01 5.01159910509285E-03 448
56 5.86894329574061E+01 5.09393172346077E-03 448
57 5.81278129829758E+01 5.17577490875123E-03 448
58 5.75661929312427E+01 5.25712079734024E-03 480
59 5.70045728061936E+01 5.33796157338490E-03 480
60 5.64429526115493E+01 5.41828946957433E-03 480
61 5.58813323507866E+01 5.49809676787602E-03 480
62 5.53197120271579E+01 5.57737580027733E-03 480
63 5.47580916437092E+01 5.65611894952227E-03 480
64 5.41964712032965E+01 5.73431864984338E-03 512
65 5.36348507085999E+01 5.81196738768865E-03 512
66 5.30732301621377E+01 5.88905770244343E-03 512
67 5.25116095662779E+01 5.96558218714727E-03 512
68 5.19499889232498E+01 6.04153348920559E-03 512
69 5.13883682351539E+01 6.11690431109609E-03 512
70 5.08267475039710E+01 6.19168741106998E-03 512
71 5.02651267315709E+01 6.26587560384770E-03 560
72 4.97035059197200E+01 6.33946176130936E-03 560
73 4.91418850700887E+01 6.41243881317955E-03 560
74 4.85802641842574E+01 6.48479974770674E-03 560
75 4.80186432637230E+01 6.55653761233693E-03 560
76 4.74570223099043E+01 6.62764551438165E-03 560
77 4.68954013241470E+01 6.69811662168028E-03 560
78 4.63337803077285E+01 6.76794416325643E-03 560
79 4.57721592618623E+01 6.83712142996855E-03 560
80 4.52105381877018E+01 6.90564177515453E-03 560
81 4.46489170863444E+01 6.97349861527033E-03 560
82 4.40872959588346E+01 7.04068543052255E-03 576
83 4.35256748061674E+01 7.10719576549483E-03 576
84 4.29640536292911E+01 7.17302322976814E-03 576
85 4.24024324291106E+01 7.23816149853473E-03 576
86 4.18408112064890E+01 7.30260431320588E-03 576
87 4.12791899622508E+01 7.36634548201319E-03 640
88 4.07175686971841E+01 7.42937888060353E-03 640
89 4.01559474120422E+01 7.49169845262744E-03 640
90 3.95943261075457E+01 7.55329821032109E-03 640
91 3.90327047843849E+01 7.61417223508153E-03 640
92 3.84710834432205E+01 7.67431467803540E-03 640
93 3.79094620846860E+01 7.73371976060089E-03 640
94 3.73478407093888E+01 7.79238177504295E-03 640
95 3.67862193179117E+01 7.85029508502170E-03 640
96 3.62245979108143E+01 7.90745412613397E-03 640
97 3.56629764886338E+01 7.96385340644796E-03 640
98 3.51013550518869E+01 8.01948750703089E-03 640
99 3.45397336010700E+01 8.07435108246969E-03 640
100 3.39781121366611E+01 8.12843886138454E-03 640
101 3.34164906591199E+01 8.18174564693541E-03 640
102 3.28548691688896E+01 8.23426631732136E-03 640
103 3.22932476663967E+01 8.28599582627264E-03 640
104 3.17316261520529E+01 8.33692920353555E-03 640
105 3.11700046262550E+01 8.38706155535001E-03 640
106 3.06083830893861E+01 8.43638806491971E-03 640
107 3.00467615418160E+01 8.48490399287498E-03 640
108 2.94851399839021E+01 8.53260467772811E-03 640
109 2.89235184159896E+01 8.57948553632125E-03 640
110 2.83618968384127E+01 8.62554206426676E-03 640
111 2.78002752514945E+01 8.67076983638001E-03 640
112 2.72386536555477E+01 8.71516450710455E-03 640
113 2.66770320508754E+01 8.75872181092963E-03 640
114 2.61154104377713E+01 8.80143756280006E-03 640
115 2.55537888165200E+01 8.84330765851829E-03 640
116 2.49921671873976E+01 8.88432807513879E-03 640
117 2.44305455506723E+01 8.92449487135452E-03 640
118 2.38689239066043E+01 8.96380418787565E-03 640
119 2.33073022554465E+01 9.00225224780040E-03 640
120 2.27456805974447E+01 9.03983535697787E-03 640
121 2.21840589328380E+01 9.07654990436300E-03 640
122 2.16224372618593E+01 9.11239236236356E-03 640
123 2.10608155847349E+01 9.14735928717903E-03 640
124 2.04991939016857E+01 9.18144731913153E-03 640
125 1.99375722129269E+01 9.21465318298861E-03 640
126 1.93759505186682E+01 9.24697368827792E-03 640
127 1.88143288191145E+01 9.27840572959380E-03 640
128 1.82527071144658E+01 9.30894628689559E-03 640
129 1.76910854049175E+01 9.33859242579788E-03 640
130 1.71294636906605E+01 9.36734129785236E-03 640
131 1.65678419718816E+01 9.39519014082157E-03 640
132 1.60062202487636E+01 9.42213627894429E-03 640
133 1.54445985214858E+01 9.44817712319260E-03 640
134 1.48829767902235E+01 9.47331017152068E-03 640
135 1.43213550551487E+01 9.49753300910516E-03 640
136 1.37597333164304E+01 9.52084330857721E-03 640
137 1.31981115742342E+01 9.54323883024608E-03 640
138 1.26364898287229E+01 9.56471742231435E-03 640
139 1.20748680800568E+01 9.58527702108464E-03 640
140 1.15132463283931E+01 9.60491565115794E-03 640
141 1.09516245738869E+01 9.62363142562335E-03 640
142 1.03900028166909E+01 9.64142254623943E-03 640
143 9.82838105695560E+00 9.65828730360694E-03 640
144 9.26675929482938E+00 9.67422407733312E-03 640
145 8.70513753045879E+00 9.68923133618732E-03 640
146 8.14351576398856E+00 9.70330763824821E-03 640
147 7.58189399556175E+00 9.71645163104223E-03 640
148 7.02027222531985E+00 9.72866205167360E-03 640
149 6.45865045340296E+00 9.73993772694564E-03 640
150 5.89702867994979E+00 9.75027757347349E-03 640
151 5.33540690509796E+00 9.75968059778822E-03 640
152 4.77378512898387E+00 9.76814589643226E-03 640
153 4.21216335174302E+00 9.77567265604622E-03 640
154 3.65054157350999E+00 9.78226015344704E-03 640
155 3.08891979441865E+00 9.78790775569746E-03 640
156 2.52729801460213E+00 9.79261492016686E-03 640
157 1.96567623419308E+00 9.79638119458336E-03 640
158 1.40405445332361E+00 9.79920621707733E-03 640
159 8.42432672125539E-01 9.80108971621609E-03 640
160 2.80810890730407E-01 9.80203151103004E-03 640
