01    1.6172860999389981E+017
02    7.7140123561276272E+016
03    6.0111754630828688E+016
04    8.8835598839561904E+016
05    1.2933474955505464E+017
06    1.3506344867467130E+017
07    7.4409050803318752E+016
08    2.2725579452752595E+017
09    2.8964442325944883E+017
11    5.6787544656535888E+016
12    5.3885456534529920E+016
13    7.1723390686577958E+017
14    1.2589543146733170E+017
15    2.8982468390699507E+017
16    2.5650881584524371E+017
17    2.6075775035046000E+017
18    2.0581338459561680E+017
19    3.2025572118456352E+017
20    9.1657077157973984E+016
21    2.7150323244417040E+016
22    4.8430662645949570E+015
