 000000000000000000000000000000000000000000000000000000000010000000000000000000000000000000000000000000000000000000000000000000000000000000000000000000000000000000010000000000110000
 000000000000000000000000000000000000000000000000000000000110000000000000000000000000000000000000000000000000000000000000000000000000000000000000000000000000000000000000000000000100
 000000000000000000000000000000000000000000000000000001100000000000000000000000000000000000000000000000000000000000000000000000000000001000000000000000000000000000000100000000000100
 000000000000000000000000000000000000000000000000000010000000000000000000000000000000000000000000000000000000000000000000000000000000110011010000000000000000000000110000000000000100
 000000000000000000000000000000000000000000000000001111000000000000000000000000000000000000000000000000000000000000000000000000000000001110001111100100000000000111111111001001111100
 000000000000000000000000000000000000000000000000001100000000000000000000000000000000000000000000000000000000000000000000000000000000000110000000000000010011010100011010000000110000
 000000000000000000000000000000000000000000000000001000000000000000000000000000000000000001100111110000000000000000000000000000000000000000100000000000000000000001000000000000000000
 000000000000000000000000000000000000000000000000011000000000000000000000000000000000000011111111111110000000000000000000000000000000000000100000000000000000000110000000000000000000
 000000000000000000000000000000000000000000000000000000000000000000000000000000000000001110000000000110000000000000000000000000000000000001000000000000000000001000000000000000000000
 000000000000000000000000000000000000000000000010100000000000000000000000000000000000011110000000000100000000000000000000000000000000000000111000000001110000000110000000000000000000
 000000000000000000000000000000000000000000000010000000000000000000000000000000000000110000000000001010000000000000000000000000000000000000011000000100110000000110000000000000000000
 000000000000000000000000000000000000000001111100000000000000000000000000000000000000100000000001111000000000000000000000000000000000000000011110000000011101111100000000000000000000
 000000000000000000000000000000000000000001100000000000000000000000000000000000000000010000000001100000000000000000000000000000000000000000001010000011000000000000000000000000000000
 000000000000000000000000000000000000011110000000000000000000000000000000000000000001100000011110000000000000000000000000000000000000000000000001111111100000000000000000000000000000
 000000000000000000000000000000000000011100000000000000000000000000000000000000000111000000101000000000000000000000000000000000000000000000000000011010000000000000000000000000000000
 000000000000000000000000000000000000011000000000000000000000000000000000000000111100000001000000000000000000000000000000000000000000000000000000000000000000000000000000000000000000
 000000000000000000000000000000001111100000000000000000000000000000000000000011111100000111000000000000000000000000000000000000000000000000000000000000000000000000000000000000000000
 000000000000000000000000000000010000000000000000000000000000000000000000011100000000000000000000000000000000000000000000000000000000000000000000000000000000000000000000000000000000
 000000000000000000000000000011000000000000000000000000000000000000000000110000000000010000000000000000000000000000000000000000000000000000000000000000000000000000000000000000000000
 000000000000000000000000000011000000000000000000000000000000000000000000100000000000000000000000000000000000000000000000000000000000000000000000000000000000000000000000000000000000
 000000000000000000000111110000000000000000000000000000000000000000000111000000000000110000000000000000000000000000000000000000000000000000000000000000000000000000000000000000000000
 000000000000000000000110000000000000000000000000000000000000000000000100000000000000010000000000000000000000000000000000000000000000000000000000000000000000000000000000000000000000
 000000000000000000001000000000000000000000000000000000000000000000000100000000000000010000000000000000000000000000000000000000000000000000000000000000000000000000000000000000000000
 000000000000000000000000000000000000000000000000000000000000000000001000000000000000010000000000000000000000000000000000000000000000000000000000000000000000000000000000000000000000
 000000000000000000001000000000000000000000000000000000000000000000001000000000000000010000000000000000000000000000000000000000000000000000000000000000000000000000000000000000000000
 000000000000000000000110000000000000000000000000000000000000000000001000000000000000010000000000000000000000000000000000000000000000000000000000000000000000000000000000000000000000
 000000000000000000010000000000000000000000000000000000000000000000001100000000000000010000000000000000000000000000000000000000000000000000000000000000000000000000000000000000000000
 000000000000000000000000000000000000000000000000000000000000000000000111100000000000011000000000000000000000101010100000000000000000000000000000000000000000000000000000000000000000
 000000000000000000000000000000000000000000000000000000000000000000000000100000000000000011000000000001101101000000000000000000000000000000000000000000000000000000000000000000000000
 000000000000000000001000000000000000000000000000000000000000000000000000001000000000000011000000011111111000000000110000000000000000000000000000000000000000000000000000000000000000
 000000000000000000001010000000000000000000000000000000000000000000000000000100000000000000010110100000000000000000100000000000000000000000000000000000000000000000000000000000000000
 000000000000000000000010000000000000000001100000000000000000000000000000000100000000000000000011111111111111111101000000000000000000000000000000000000000000000000000000000000000000
 000000000000000000000001100000000000000000100000000000000000000000000000000000000000000000000011110110000001001110000000000000000000000000000000000000000000000000000000000000000000
 000000000000000000000001000000000000000011010000000000000000000000000000100000000000000000000010000000000000000000000000000000000000000000000000000000000000000000000000000000000000
 000000000000000000000000000000000000011110010000000000000000000000000011100000000000000011110010000000000000000000000000000000000000000000000000000000000000000000000000000000000000
 000000000000000000000000000000000001110000011100000000000000000000001100000000000000000011110010000000000000000000000000000000000000000000000000000000000000000000000000000000000000
 000000000000000000000001110000000011100000011100000000000000000000001100000000000000000000010010011000000000000000000000000000000000000000000000000000000000000000000000000000000000
 000000000000000000000000001111011000000000000000000000000000000000010000000000000000000101000000010000000000000000000000000000000000000000000000000000000000000000000000000000000000
 000000000000000000000000000111100000000000000010000000000000000000110000011110000000000011110000000000000000000000000000000000000000000000000000000000000000000000000000000000000000
 000000000000000000000000000000000000000010000011000000000000000000110000000110000000000110110000010000000000000000000000000000000000000000000000000000000000000000000000000000000000
 000000000000000000000000000000000000011000000011100000000000000000110000000110000000011000001111110000000000000000000000000000000000000000000000000000000000000000000000000000000000
 000000000000000000000000000000000000000000000000110000000000000000110000000000000000010000000111110000000000000000000000000000000000000000000000000000000000000000000000000000000000
 000000000000000000000000000000000000000001000000011000000000000001010000000000000000110000000000000000000000000000000000000000000000000000000000000000000000000000000000000000000000
 000000000000000000000000000000001000000001110000011100000000000001110000000000000001000000000000000000000000000000000000000000000000000000000000000000000000000000000000000000000000
 000000000000000000000000000000001000000001010000000100000000000010000000000000000000000000000000000000000000000000000000000000000000000000000000000000000000000000000000000000000000
 000000000000000000000000000000010000000011110011011100000111111010000000000000000000100000000000000000000000000000000000000000000000000000000000000000000000000000000000000000000000
 000000000000000000000000000000011000000010000011001000000110000000000000000000000000000000000000000000000000000000000000000000000000000000000000000000000000000000000000000000000000
 000000000000000000000000000000011100000111111000001110001110000000000000000000000000000000000000000000000000000000000000000000000000000000000000000000000000000000000000000000000000
 000000000000000000000000000000000010000000110000100000000000000000000000000000000000000000000000000000000000000000000000000000000000000000000000000000000000000000000000000000000000
 000000000000000000000000000000000010000111010010110000000000000000000011110000011110000000000000000000000000000000000000000000000000000000000000000000000000000000000000000000000000
 000000000000000000000000000000000010000110000000000000000000000000000011100000010100000000000000000000000000000000000000000000000000000000000000000000000000000000000000000000000000
 000000000000000000000000000000000011000110000000000001000000000000010000001000010000000000000000000000000000000000000000000000000000000000000000000000000000000000000000000000000000
 000000000000000000000000000000000011000110110000011110000000000111000000001101100000000000000000000000000000000000000000000000000000000000000000000000000000000000000000000000000000
 000000000000000000000000000000000001000000010000100001010001011100000000000000000000000000000000000000000000000000000000000000000000000000000000000000000000000000000000000000000000
 110000000000000000000000000001111111100000010100000000000100000000000000000000000000000000000000000000000000000000000000000000000000000000000000000000000000000000000000000000000000
 110000000000000000000000000010111000000000000000000000000000000000000000000000000000000000000000000000000000000000000000000000000000000000000000000000000000000000000000000000000000
 110000000000000000000110100110000000000000000000000000000000000000000000000000000000000000000000000000000000000000000000000000000000000000000000000000000000000000000000000000000000
 010000000000000000000100000000000000000000000000000000000000000000000000000000000000000000000000000000000000000000000000000000000000000000000000000000000000000000000000000000000000
 110010110000000000011110000000000000000000000000000000000000000000000000000000000000000000000000000000000000000000000000000000000000000000000000000000000000000000000000000000000000
 000000110000000000000100000000000000000000000000000000000000000000000000000000000000000000000000000000000000000000000000000000000000000000000000000000000000000000000000000000000000
 000000110000000000000000000000000000000000000000000000000000000000000000000000000000000000000000000000000000000000000000000000000000000000000000000000000000000000000000000000000000
 000000110000000111000000000000000000000000000000000000000000000000000000000000000000000000000000000000000000000000000000000000000000000000000000000000000000000000000000000000000000
 000101000000000110000000000000000000000000000000000000000000000000000000000000000000000000000000000000000000000000000000000000000000000000000000000000000000000000000000000000000000
 000110000000111000000000000000000000000000000000000000000000000000000000000000000000000000000000000000000000000000000000000000000000000000000000000000000000000000000000000000000000
 000001000000110000000000000000000000000000000000000000000000000000000000000000000000000000000000000000000000000000000000000000000000000000000000000000000000000000000000000000000000
 000100011111000000000000000000000000000000000000000000000000000000000000000000000000000000000000000000000000000000000000000000000000000000000000000000000000000000000000000000000000
 110100010000000000000000000000000000000000000000000000000000000000000000000000000000000000000000000000000000000000000000000000000000000000000000000000000000000000000000000000000000
 110000100000000000000000000000000000000000000000000000000000000000000000000000000000000000000000000000000000000000000000000000000000000000000000000000000000000000000000000000000000
 000000100000000000000000000000000000000000000000000000000000000000000000000000000000000000000000000000000000000000000000000000000000000000000000000000000000000000000000000000000000
 000001100000000000000000000000000000000000000000000000000000000000000000000000000000000000000000000000000000000000000000000000000000000000000000000000000000000000000000000000000000
 011110000000000000000000000000000000000000000000000000000000000000000000000000000000000000000000000000000000000000000000000000000000000000000000000000000000000000000000000000000000
 000000000000000000000000000000000000000000000000000000000000000000000000000000000000000000000000000000000000000000000000000000000000000000000000000000000000000000000000000000000000
 100000000000000000000000000000000000000000000000000000000000000000000000000000000000000000000000000000000000000000000000000000000000000000000000000000000000000000000000000000000000
 000000000000000000000000000000000000000000000000000000000000000000000000000000000000000000000000000000000000000000000000000000000000000000000000000000000000000000000000000000000000
 000000000000000000000000000000000000000000000000000000000000000000000000000000000000000000000000000000000000000000000000000000000000000000000000000000000000000000000000000000000000
 000000000000000000000000000000000000000000000000000000000000000000000000000000000000000000000000000000000000000000000000000000000000000000000000000000000000000000000000000000000000
 000000000000000000000000000000000000000000000000000000000000000000000000000000000000000000000000000000000000000000000000000000000000000000000000000000000000000000000000000000000000
 000000000000000000000000000000000000000000000000000000000000000000000000000000000000000000000000000000000000000000000000000000000000000000000000000000000000000000000000000000000000
 000000000000000000000000000000000000000000000000000000000000000000000000000000000000000000000000000000000000000000000000000000000000000000000000000000000000000000000000000000000000
 000000000000000000000000000000000000000000000000000000000000000000000000000000000000000000000000000000000000000000000000000000000000000000000000000000000000000000000000000000000000
 000000000000000000000000000000000000000000000000000000000000000000000000000000000000000000000000000000000000000000000000000000000000000000000000000000000000000000000000000000000000
 000000000000000000000000000000000000000000000000000000000000000000000000000000000000000000000000000000000000000000000000000000000000000000000000000000111101100000000000000000000000
 000000000000000000000000000000000000000000000000000000000000000000000000000000000000000000000000000000000000000000000000000000010000000000000000001101000001000000000000000000000000
 000000000000000000000000000000000000000000000000000000000000000000000000000000000000000000000000000000000000000000000000001111111000000000000011111100000110000000000000000000000000
 000000000000000000000000000000000000000000000000000000000000000000000000000000000000000000000000000000000000000000000000001000011000000000001100000000001100000000000000000000000000
 000000000000000000000000000000000000000000000000000000000000000000000000000000000000000000000000000000000000000000000000011000011111100000001000000000111000000000000000000000000000
 000000000000000000000000000000000000000000000000000000000000000000000000000000000000000000000000000000000000000000000000100000000000110000011000000000110000000000000000000000000000
 000000000000000000000000000000000000000000000000001111000000000000000000000000000000000000000000000000000000000000000010000000000000100000010000000000110000000000000000000000000000
 000000000000000000000000000000000000000000000000001111100000000000000000000000000000000000000000000000000000000000000001000000000000100000000011110111100000000000000000000000000000
 000000000000000000000000000000000000000000000000011000101001000000000000000000000000000000000000000000000000000000000011000000000000111000000011110100000000000000000000000000000000
