 000000000000000000000000000000000000000000000000000000000110000000000000000000000000000000000000000000000000000000000000000000000000000000000010000000000000000000000000000000000000
 000000000000000000000000000000000000000000000000000000000110000000000000000000000000000000000000000000000000000000000000000000000000000000000010000000000000000000000000000001000000
 000000000000000000000000000000000000000000000000000000000100000000000000000000000000000000000000000000000000000000000000000000000000000000000010000000000000000000000000000000100000
 000000000000000000000000000000000000000000000000000000000100000000000000000000000000000000000000000000000000000000000000000000000000000000000110000000000000000000000000000000100000
 000000000000000000000000000000000000000000000000000000000110000000000000000000000000000000000000000000000000000000000000000000000000000000000110000000000000000000000000000000100000
 000000000000000000000000000000000000000000000000000000000110000000000000000000000000000000000000000000000000000000000000000000000000000000000010000000000000000000000000000000100000
 000000000000000000000000000000000000000000000000000000000100000000000000000000000000000000000000000000000000000000000000000000000000000000000010000000000000000000000000000000100000
 000000000000000000000000000000000000000000000000000000000110000000000000000000000000000000000000000000000000000000000000000000000000000000000000000000000000000000000000000000110000
 000000000000000000000000000000000000000000000000000000000110000000000000000000000000000000000000000000000000000000000000000000000000000000010000000000000000000000000000000000110000
 000000000000000000000000000000000000000000000000000000000001000000000000000000000000000000000000000000000000000000000000000000000000000000000000000000000000000000000000000000000000
 000000000000000000000000000000000000000000000000000000000001000000000000000000000000000000000000000000000000000000000000000000000000001110000000000000000000000000000000000000001100
 000000000000000000000000000000000000000000000000000000000001000000000000000000000000000000000000000000000000000000000000000000000000011110000000000000000000000000000000000000001011
 000000000000000000000000000000000000000000000000000000000001000000000000000000000000000000000000000000000000000000000000000000000000000000000000000000000000000000000000000000000000
 000000000000000000000000000000000000000000000000000000000001000000000000000000000000000000000000000000000000000000000000000000000011000000000000000000000000000000000000000000000000
 000000000000000000000000000000000000000000000000000000000001000000000000000000000000000000000000000000000000000000000000000000000011000000000000000000000000000000000000000000000000
 000000000000000000000000000000000000000000000000000000000001100000000000000000000000000000000000000000000000000000000000000000000001000000000000000000000000000000000000000000000000
 000000000000000000000000000000000000000000000000000000000001100000000000000000000000000000000000000000000000000000000000000000000001000000000000000000000000000000000000000000000000
 000000000000000000000000000000000000000000000000000000000001100000000000000000000000000000000000000000000000000000000000000000000001000000000000000000000000000000000000000000000000
 000000000000000000000000000000000000000000000000000000000000010000000000000000000000000000000000000000000000000000000000000000000001000000000000000000000000000000000000000000000000
 000000000000000000000000000000000000000000000000000000000000010000000000000000000000000000000000000000000000000000000000000000000011000000000000000000000000000000000000000000000000
 000000000000000000000000000000000000000000000000000000000000011000000000000000000000000000000000000000000000000000000000000000000001000000000000000000000000000000000000000000000000
 000000000000000000000000000000000000000000000000000000000000011000000000000000000000000000000000000000000000000000000000000000000000000000000000000000000000000000000000000000000000
 000000000000000000000000000000000000000000000000000000000000011100000000000000000000000000000000000000000000000000000000000000000000000000000000000000000000000000000000000000000000
 000000000000000000000000000000000000000000000000000000000000000010000000000000000000000000000000000000000000000000000000000000000100000000000000000000000000000000000000000000000000
 000000000000000000000000000000000000000000000000000000000000000011000000000000000000000000000000000000000000000000000000000000000000000000000000000000000000000000000000000000000000
 000000000000000000000000000000000000000000000000000000000000000000100000000000000000000000000000000000000000000000000000000000011000000000000000000000000000000000000000000000000000
 000000000000000000000000000000000000000000000000000000000000000000110000000000000000000000000000000000000000000000000000000001110000000000000000000000000000000000000000000000000000
 000000000000000000000000000000000000000000000000000000000000000000010000000000000000000000000000000000000000000000000000000001000000000000000000000000000000000000000000000000000000
 000000000000000000000000000000000000000000000000000000000000000000001000000000000000000000000000000000000000000000000000000010000000000000000000000000000000000000000000000000000000
 000000000000000000000000000000000000000000000000000000000000000000001000000000000000000000000000000000000000000000000000000110000000000000000000000000000000000000000000000000000000
 000000000000000000000000000000000000000000000000000000000000000000001000000000000000000000000000000000000000000000000000000100000000000000000000000000000000000000000000000000000000
 000000000000000000000000000000000000000000000000000000000000000000001100000000000000000000000000000000000000000000000000001000000000000000000000000000000000000000000000000000000000
 000000000000000000000000000000000000000000000000000000000000000000000100000000000000000000000000000000000000000000000000011000000000000000000000000000000000000000000000000000000000
 000000000000000000000000000000000000000000000000000000000000000000000010000000000000000000000000000000000000000000000000011000000000000000000000000000000000000000000000000000000000
 000000000000000000000000000000000000000000000000000000000000000000000011000000000000000000000000000000000000000000000000100000000000000000000000000000000000000000000000000000000000
 000000000000000000000000000000000000000000000000000000000000000000000011000000000000000000000000000000000000000000000001100000000000000000000000000000000000000000000000000000000000
 000000000000000000000000000000000000000000000000000000000000000000000000100000000000000000000000000000000000000000000110000000000000000000000000000000000000000000000000000000000000
 000000000000000000000000000000000000000000000000000000000000000000000000000000000000000000000000000000000000000000001110000000000000000000000000000000000000000000000000000000000000
 000000000000000000000000000000000000000000000000000000000000000000000000010000000000000000000000000000000000000000011110000000000000000000000000000000000000000000000000000000000000
 000000000000000000000000000000000000000000000000000000000000000000000000010000000000000000000000000000000000000000110000000000000000000000000000000000000000000000000000000000000000
 000000000000000000000000000000000000000000000000000000000000000000000000010000000000000000000000000000000000000001110000000000000000000000000000000000000000000000000000000000000000
 000000000000000000000000000000000000000000000000000000000000000000000000100000000000000000000000000000000000000111000000000000000000000000000000000000000000000000000000000000000000
 000000000000000000000000000000000000000000000000000000000000000000000000000000000000000000000000000000000000001111000000000000000000000000000000000000000000000000000000000000000000
 000000000000000000000000000000000000000000000000000000000000000000000000010000000000000000000000000000000000110000000000000000000000000000000000000000000000000000000000000000000000
 000000000000000000000000000000000000000000000000000000000000000000000000010000000000000000000000000000010011110000000000000000000000000000000000000000000000000000000000000000000000
 000000000000000000000000000000000000000000000000000000000000000000000000010000000000000000000000000000100000000000000000000000000000000000000000000000000000000000000000000000000000
 000000000000000000000000000000000000000000000000000000000000000000000000011100000000000011111111111110100000000000000000000000000000000000000000000000000000000000000000000000000000
 000000000000000000000000000000000000000000000000000000000000000000000000011111000001110111111111111111100000000000000000000000000000000000000000000000000000000000000000000000000000
 000000000000000000000000000000000000000000000000000000000000000000000000000001001110000000000000000000000000000000000000000000000000000000000000000000000000000000000000000000000000
 000000000000000000000000000000000000000000000000000000000000000000000000000001111110000000000000000000000000000000000000000000000000000000000000000000000000000000000000000000000000
 000000000000000000000000000000000000000000000000000000000000000000000000000000000000000000000000000000000000000000000000000000000000000000000000000000000000000000000000000000000000
 000000000000000000000000000000000000000000000000000000000000000000000000000000000000000000000000000000000000000000000000000000000000000000000000000000000000000000000000000000000000
 000000000000000000000000000000000000000000000000000000000000000000000000000000000000000000000000000000000000000000000000000000000000000000000000000000000000000000000000000000000000
 000000000000000000000000000000000000000000000000000000000000000000000000000000000000000000000000000000000000000000000000000000000000000000000000000000000000000000000000000000000000
 000000000000000000000000000000000000000000000000000000000000000000000000000000000000000000000000000000000000000000000000000000000000000000000000000000000000000000000000000000000000
 000000000000000000000000000000000000000000000000000000000000000000000000000000000000000000000000000000000000000000000000000000000000000000000000000000000000000000000000000000000000
 000000000000000000000000000000000000000000000000000000000000000000000000000000000000000000000000000000000000000000000000000000000000000000000000000000000000000000000000000000000000
 000000000000000000000000000000000000000000000000000000000000000000000000000000000000000000000000000000000000000000000000000000000000000000000000000000000000000000000000000000000000
 000000000000000000000000000000000000000000000000000000000000000000000000000000000000000000000000000000000000000000000000000000000000000000000000000000000000000000000000000000000000
 000000000000000000000000000000000000000000000000000000000000000000000000000000000000000000000000000000000000000000000000000000000000000000000000000000000000000000000000000000000000
 000000000000000000000000000000000000000000000000000000000000000000000000000000000000000000000000000000000000000000000000000000000000000000000000000000000000000000000000000000000000
 000000000000000000000000000000000000000000000000000000000000000000000000000000000000000000000000000000000000000000000000000000000000000000000000000000000000000000000000000000000000
 000000000000000000000000000000000000000000000000000000000000000000000000000000000000000000000000000000000000000000000000000000000000000000000000000000000000000000000000000000000000
 000000000000000000000000000000000000000000000000000000000000000000000000000000000000000000000000000000000000000000000000000000000000000000000000000000000000000000000000000000000000
 000000000000000000000000000000000000000000000000000000000000000000000000000000000000000000000000000000000000000000000000000000000000000000000000000000000000000000000000000000000000
 000000000000000000000000000000000000000000000000000000000000000000000000000000000000000000000000000000000000000000000000000000000000000000000000000000000000000000000000000000000000
 000000000000000000000000000000000000000000000000000000000000000000000000000000000000000000000000000000000000000000000000000000000000000000000000000000000000000000000000000000000000
 000000000000000000000000000000000000000000000000000000000000000000000000000000000000000000000000000000000000000000000000000000000000000000000000000000000000000000000000000000000000
 000000000000000000000000000000000000000000000000000000000000000000000000000000000000000000000000000000000000000000000000000000000000000000000000000000000000000000000000000000000000
 000000000000000000000000000000000000000000000000000000000000000000000000000000000000000000000000000000000000000000000000000000000000000000000000000000000000000000000000000000000000
 000000000000000000000000000000000000000000000000000000000000000000000000000000000000000000000000000000000000000000000000000000000000000000000000000000000000000000000000000000000000
 000000000000000000000000000000000000000000000000000000000000000000000000000000000000000000000000000000000000000000000000000000000000000000000000000000000000000000000000000000000000
 000000000000000000000000000000000000000000000000000000000000000000000000000000000000000000000000000000000000000000000000000000000000000000000000000000000000000000000000000000000000
 000000000000000000000000000000000000000000000000000000000000000000000000000000000000000000000000000000000000000000000000000000000000000000000000000000000000000000000000000000000000
 000000000000000000000000000000000000000000000000000000000000000000000000000000000000000000000000000000000000000000000000000000000000000000000000000000000000000000000000000000000000
 000000000000000000000000000000000000000000000000000000000000000000000000000000000000000000000000000000000000000000000000000000000000000000000000000000000000000000000000000000000000
 000000000000000000000000000000000000000000000000000000000000000000000000000000000000000000000000000000000000000000000000000000000000000000000000000000000000000000000000000000000000
 000000000000000000000000000000000000000000000000000000000000000000000000000000000000000000000000000000000000000000000000000000000000000000000000000000000000000000000000000000000000
 000000000000000000000000000000000000000000000000000000000000000000000000000000000000000000000000000000000000000000000000000000000000000000000000000000000000000000000000000000000000
 000000000000000000000000000000000000000000000000000000000000000000000000000000000000000000000000000000000000000000000000000000000000000000000000000000000000000000000000000000000000
 000000000000000000000000000000000000000000000000000000000000000000000000000000000000000000000000000000000000000000000000000000000000000000000000000000000000000000000000000000000000
 000000000000000000000000000000000000000000000000000000000000000000000000000000000000000000000000000000000000000000000000000000000000000000000000000000000000000000000000000000000000
 000000000000000000000000000000000000000000000000000000000000000000000000000000000000000000000000000000000000000000000000000000000000000000000000000000000000000000000000000000000000
 000000000000000000000000000000000000000000000000000000000000000000000000000000000000000000000000000000000000000000000000000000000000000000000000000000000000000000000000000000000000
 000000000000000000000000000000000000000000000000000000000000000000000000000000000000000000000000000000000000000000000000000000000000000000000000000000000000000000000000000000000000
 000000000000000000000000000000000000000000000000000000000000000000000000000000000000000000000000000000000000000000000000000000000000000000000000000000000000000000000000000000000000
 000000000000000000000000000000000000000000000000000000000000000000000000000000000000000000000000000000000000000000000000000000000000000000000000000000000000000000000000000000000000
 000000000000000000000000000000000000000000000000000000000000000000000000000000000000000000000000000000000000000000000000000000000000000000000000000000000000000000000000000000000000
 000000000000000000000000000000000000000000000000000000000000000000000000000000000000000000000000000000000000000000000000000000000000000000000000000000000000000000000000000000000000
 000000000000000000000000000000000000000000000000000000000000000000000000000000000000000000000000000000000000000000000000000000000000000000000000000000000000000000000000000000000000
