 000000000000000000000000000000000000000000000000000000000000000000000000000000000000000000000000000000000000000000000000000000000000000000000000000000000000000000000000000000000000
 000000000000000000000000000000000000000000000000000000000000000000000000000000000000000000000000000000000000000000000000000000000000000000000000000000000000000000000000000000000000
 000000000000000000000000000000000000000000000000000000000000000000000000000000000000000000000000000000000000000000000000000000000000000000000000000000000000000000000000000000000000
 000000000000000000000000000000000000000000000000000000000000000000000000000000000000000000000000000000000000000000000000000000000000000000000000000000000000000000000000000000000000
 000000000000000000000000000000000000000000000000000000000000000000000000000000000000000000000000000000000000000000000000000000000000000000000000000000000000000000000000000000000000
 000000000000000000000000000000000000000000000000000000000000000000000000000000000000000000000000000000000000000000000000000000000000000000000000000000000000000000000000000000000000
 000000000000000000000000000000000000000000000000000000000000000000000000000000000000000000000000000000000000000000000000000000000000000000000000000000000000000000000000000000000000
 000000000000000000000000000000000000000000000000000000000000000000000000000000000000000000000000000000000000000000000000000000000000000000000000000000000000000000000000000000000000
 000000000000000000000000000000000000000000000000000000000000000000000000000000000000000000000000000000000000000000000000000000000000000000000000000000000000000000000000000000000000
 000000000000000000000000000000000000000000000000000000000000000000000000000000000000000000000000000000000000000000000000000000000000000000000000000000000000000000000000000000000000
 000000000000000000000000000000000000000000000000000000000000000000000000000000000000000000000000000000000000000000000000000000000000000000000000000000000000000000000000000000000110
 000000000000000000000000000000000000000000000000000000000000000000000000000000000000000000000000000000000000000000000000000000000000000000000000000000000000000000000000001111111110
 000000000000000000000000000000000000000000000000000000000000000000000000000000000000000000000000000000000000000000000000000000000000000000000000000000000000000000000000000100000000
 000000000000000000000000000000000000000000000000000000000000000000000000000000000000000000000000000000000000000000000000000000000000000000000000000000000000000000000000000010100000
 000000000000000000000000000000000000000000000000000000000000000000000000000000000000000000000000000000000000000000000000000000000000000000000000000000000000000000000000000000100000
 000000000000000000000000000000000000000000000000000000000000000000000000000000000000000000000000000000000000000000000000000000000000000000000000000000000000000000000000000000010000
 000000000000000000000000000000000000000000000000000000000000000000000000000000000000000000000000000000000000000000000000000000000000000000000000000000000000000000000000000000011110
 000000000000000000000000000000000000000000000000000000000000000000000000000000000000000000000000000000000000000000000000000000000000000000000000000000000000000000000000000000001110
 000000000000000000000000000000000000000000000000000000000000000000000000000000000000000000000000000000000000000000000000000000000000000000000000000000000000000000000000000000000010
 000000000000000000000000000000000000000000000000000000000000000000000000000000000000000000000000000000000000000001111011000000000000000000000000000000000000000000000000011010000110
 000000000000000000000000000000000000000000000000000000000000000000000000000000000000000000000000000000000000000011111110000000000000000000000000000000000000000000001111100111011110
 000000000000000000000000000000000000000000000000000000000000000000000000000000000000000000000000000000000000000010110000000000000000000000000000000000000000000001010000000000000000
 000000000000000000000000000000000000000000000000000000000000000000000000000000000000000001100101111111000000000010100000000000000000000000000000000000000000110111000000000000000000
 000000000000000000000000000000000000000000000000000000000000000000000000000000000000000110001000000001000000110000110000000000000000000000000000000000000110000000000000000000000000
 000000000000000000000000000000000000000000000000000000000000000000000000000000000000000110000000000100000001100000110000000000000000000000000000000000010000000000000000000000000000
 000000000000000000000000000000000000000000000000000000000000000000000000000000000000011110000000000001000111100000110000000000000000000000000000000011110000000000000000000000000000
 000000000000000000000000000000000000000000000000000000000000000000000000000000000000100000000000000001101100000001110000000000000000000000000000001100000000000000000000000000000000
 000000000000000000000000000000000000000000000000000000000000000000000000000000000011100000000000000001111100110000000000000000000001111011000000111110000000000000000000000000000000
 000000000000000000000000000000000000000000000000000000000000000000000000000000001100000000000000000000000001000000000000000010011000000000110011000000000000000000000000000000000000
 000000000000000000000000000000000000000000000000000000000000000000000000000001111100000000000000000000001110000000010100111111011000000000111100000000000000000000000000000000000000
 000000000000000000000000000000000000000000000000000000000100000000000000000001100000000000000000000000001000000000111000000000000000000000000000000000000000000000000000000000000000
 000000000000000000000000000000000000000000000000000000011111100101000000000001100000000000000000000001111000000001110000000000000000000000000000000000000000000000000000000000000000
 000000000000000000000000000000111010010111000000000000000000001001100000000000000000000000000000000001000000000000100000000000000000000000000000000000000000000000000000000000000000
 000000000000000000000000000011100000000000000000000000000000000001000100101001100000000000000000000100000000000011100000000000000000000000000000000000000000000000000000000000000000
 000000000000000000000000000111100000000000000000000000000000000001110101111111100000000000000000001100000000001111100000000000000000000000000000000000000000000000000000000000000000
 000000000000000000000000011100000000000000000000000000000000000000000000000000000000000000000000110000000000011000000000000000000000000000000000000000000000000000000000000000000000
 000000000000000000000000111100000000000000000000000000000000000000000000000000000000000000000010100000000000111000000000000000000000000000000000000000000000000000000000000000000000
 000000000000000000000011100000000000000000000000000000000000000000000000000000000000000000000100000000000001000000000000000000000000000000000000000000000000000000000000000000000000
 000000000000000000001011100000000000000000000000000000000000000000000000000000000000000011010000000000000000111110000000000000000000000000000000000000000000000000000000000000000000
 000000000000000000000000000000000000000000000000000000000000000000000000000000000000000100000000000000000000011010000000000000000000000000000000000000000000000000000000000000000000
 000000000000000011110000000000000000000000000000000000000000000000000000000000000000011100000000000000000000000110000000000000000000000000000000000000000000000000000000000000000000
 000000000000000110000000000000000000000000000000000000000000000000000000000000000000011100000000000000000000000110000000000000000000000000000000000000000000000000000000000000000000
 000000000000010110000000000000000000000000000000000000000000000000000000000000000000000000000000000000000000000110000000000000000000000000000000000000000000000000000000000000000000
 000000000000111110000000000000000000000000000000000000000000000000000000000000000011100000000000000000000000000000000000000000000000000000000000000000000000000000000000000000000000
 000000000001110000000000000000000000000000000000000000000000000000000000000000000011000000000000000000000000000000000000000000000000000000000000000000000000000000000000000000000000
 000000000011110000000000000000000000000000000000000000000000000000000000000000000010000000000000000000000000011110000000000000000000000000000000000000000000000000000000000000000000
 000000001000000000000000000000000000000000000000000000000000000000000000000000000010000000000000000000000001000000000000000000000000000000000000000000000000000000000000000000000000
 000000100000000000000000000000000000000000000000000000000000000000000000000000000010000000000000000000000010000000000000000000000000000000000000000000000000000000000000000000000000
 000001000000000000000000000000000000000000000000000000000000000000000000000000000010000000000000000000000010000000000000000000000000000000000000000000000000000000000000000000000000
 011110000000000000000000000000000000000000000000000000000000000000000000000000000010000000000000000000000001000000000000000000000000000000000000000000000000000000000000000000000000
 110000000000000000000000000000000000000000000000000000000000000000000000000000000010000000000000000000000000000000000000000000000000000000000000000000000000000000000000000000000000
 011100000000000000000000000000000000000000000000000000000000000000000000000000000010000000000000000000011010000000000000000000000000000000000000000000000000000000000000000000000000
 000000010000000111100000000000000000000000000000000000000000000000000000000000000010000000000000000001111110000000000000000000000000000000000000000000000000000000000000000000000000
 000000010000000010000000000000000000000000000000000000000000000000000000000000000011000000000000000100000000000000000000000000000000000000000000000000000000000000000000000000000000
 000000111011111000000111000001111000000000000000000000000000000000000000000000000011000000000000000100000000000000000000000000000000000000000000000000000000000000000000000000000000
 000000000001001000000011000001011000000000000000000000000000000000000000000000000011000000000000000100000000000000000000000000000000000000000000000000000000000000000000000000000000
 000000000000000000000001001100000000000000000000000000000000000000000000000000000011100000000000001100000000000000000000000000000000000000000000000000000000000000000000000000000000
 000000000000000000000001001100000100000000000000000000000000000000000000000000000000100000000011110000000000000000000000000000000000000000000000000000000000000000000000000000000000
 000000000000000000000000101000000000000000000000000000000000000000000000000000000000000000000111110000000000000000000000000000000000000000000000000000000000000000000000000000000000
 000000000000000000000000101100000100000000000000000000000000000000000000000000000000110000000110000000000000000000000000000000000000000000000000000000000000000000000000000000000000
 000000000000000000000000101100001000000000000000000000000000000000000000000000000000010000000010000000000000000000000000000000000000000000000000000000000000000000000000000000000000
 000000000000000000000000001000001000000000000000000000000000000000000000000000000000010000000110000000000000000000000000000000000000000000000000000000000000000000000000000000000000
 000000000000000000000000001100001000000000000000000000000000000000000000000000000000011000001110000000000000000000000000000000000000000000000000000000000000000000000000000000000000
 000000000000000000000000001100000100000000000000000000000000000000000000000000000000010000111110000000000000000000000000000000000000000000000000000000000000000000000000000000000000
 000000000000000000000001000010000000000000000000000000000000000000000000000000000000010000000000000000000000000000000000000000000000000000000000000000000000000000000000000000000000
 000000000000000000000011000000000011000000000000000000000000000000000000000000000000011010000000000000000000000000000000000000000000000000000000000000000000000000000000000000000000
 000000000000000000000000000000000011000000000000000000000000000000000000000000000000000000000000000000000000000000000000000000000000000000000000000000000000000000000000000000000000
 000000000000000000000100000010000011000000000000000000000000000000000000000000000000000000000000000000000000000000000000000000000000000000000000000000000000000000000000000000000000
 000000000000000000000100000000000001000000000000000000000000000000000000000000000000000000000000000000000000000000000000000000000000000000000000000000000000000000000000000000000000
 000000000000000000000000000010000001000000000000000000000000000000000000000000000000000000000000000000000000000000000000000000000000000000000000000000000000000000000000000000000000
 000000000000000000000100000000000001110000000000000000000000000000000000000000000000000000000000000000000000000000000000000000000000000000000000000000000000000000000000000000000000
 000000000000000000000000000010000000110000000000000000000000000000000000000000000000000000000000000000000000000000000000000000000000000000000000000000000000000000000000000000000000
 000000000000000000000100001110001111110000000000000000000000000000000000000000000000000000000000000000000000000000000000000000000000000000000000000000000000000000000000000000000000
 000000000000000000000100001100011000000000000000000000000000000000000000000000000000000000000000000000000000000000000000000000000000000000000000000000000000000000000000000000000000
 000000000000000000000000001000011000000000000000000000000000000000000000000000000000000000000000000000000000000000000000000000000000000000000000000000000000000000000000000000000000
 000000000000000000001100001100011000000000000000000000000000000000000000000000000000000000000000000000000000000000000000000000000000000000000000000000000000000000000000000000000000
 000000000000000000010100001110111000000000000000000000000000000000000000000000000000000000000000000000000000000000000000000000000000000000000000000000000000000000000000000000000000
 000000000000000000110000000000000000000000000000000000000000000000000000000000000000000000000000000000000000000000000000000000000000000000000000000000000000000000000000000000000000
 000000000000000010110000000000000000000000000000000000000000000000000000000000000000000000000000000000000000000000000000000000000000000000000000000000000000000000000000000000000000
 000000000000000011110000001110111000000000000000000000000000000000000000000000000000000000000000000000000000000000000000000000000000000000000000000000000000000000000000000000000000
 000000000000000110000000001100011000000000000000000000000000000000000000000000000000000000000000000000000000000000000000000000000000000000000000000000000000000000000000000000000000
 000000000000001110000000001000001000000000000000000000000000000000000000000000000000000000000000000000000000000000000000000000000000000000000000000000000000000000000000000000000000
 000000000000011000000000001100101000000000000000000000000000000000000000000000000000000000000000000000000000000000000000000000000000000000000000000000000000000000000000000000000000
 000000000000011000000000001101111000000000000000000000000000000000000000000000000000000000000000000000000000000000000000000000000000000000000000000000000000000000000000000000000000
 000000000000100000000000001101000000000000000000000000000000000000000000000000000000000000000000000000000000000000000000000000000000000000000000000000000000000000000000000000000000
 000000000001100000000000001111000000000000000000000000000000000000000000000000000000000000000000000000000000000000000000000000000000000000000000000000000000000000000000000000000000
 000000000011000000000000000000000000000000000000000000000000000000000000000000000000000000000000000000000000000000000000000000000000000000000000000000000000000000000000000000000000
 000000000111000000000000000000000000000000000000000000000000000000000000000000000000000000000000000000000000000000000000000000000000000000000000000000000000000000000000000000000000
 000000011111000000000000001111000000000000000000000000000000000000000000000000000000000000000000000000000000000000000000000000000000000000000000000000000000000000000000000000000000
 000000100000000000000000000001000000000000000000000000000000000000000000000000000000000000000000000000000000000000000000000000000000000000000000000000000000000000000000000000000000
