 000000000011110000000000000000000011000000000000002220222220000000000220000000000000000000000000000000000220000000000000000000000000000000000000880000000000000000000000000000000000
 000000000011000000000000000000000111000000000000000020000000000000000220000000000000000000000000000000002220002000000000000000000000000000000000800000000000000000000000000000000000
 000000000000000000000000000000011111000000000000000000000000000002222000000000000000000000000000000000000022202022200000000000000000000000000000888800000000000000000000000000000000
 000000000000000011100000110010100000000000000000000000000000000002220000000000000000000000000000000000000000200002200000000000000000000000000000000800000000000000000000000000000000
 000000000000000111111111110110000000000000000000000000000000022222000000000000000000000022022200000000000000002202200000000000000000000000000000000000000000000000000000000000000000
 000000000000000010000000000000000000000000000000000000000000020200000000000000000000000000000022200000000000022000000000000000000000000000000000008000000000000000000000000000000000
 011000000000001110000000000000000000000000000000000000000000022000000000000000000000000020000002200000000020002000000000000000000000000000000000000800000000000000000000000000000000
 011111000000011100111000000000000000000000000000000000000000020000000000000000000000000020020002222200000222222000000000000000000000000000000000000080000000000000000000000000000000
 000101000000110100011000000000000000000000000000000020022002020000000000000000000000000000002000000220200220000000000000000000000000000000000000000088000000000000000000000000000000
 000000000000110000001101111110000000000000000022222000000020000000000000000000000000000000002222000220222020000000000000000000000000000000000000000088880000000000000000000000000000
 000000000001000100000000000110000000000000000022000000000000000000000000000000000000000000000222000000002000000000000000000000000000000000000000000000088000000000000000000000000000
 000000000110000000000000000001111110000000000022000000002220022000000000000000000000000000000002002200000000000000000000000000000000000000000000000000080000000000000000000000000000
 000000011100000000000000000000000110000000000000222000220000020202200000000000000000000000000000002200000000000000000000000000000000000000000000000000000000000000000000000000000000
 101000101100111100000000011110000111110000000000222222220000000000222000000000000000000000000000000222200000000000000000000000000000000000000000000000000800000000000000000000000000
 000110000000010000000000100001100000110000000000000000000000000000000220000000000000000000000000000002200000000000000000000000000000000000000000000000000000000000000000000000000000
 000000000000101111000011000000111100110000000000000000000000000000000022020000000000000002000000000002200000000000000000000000000000000000000000000000000888000000000000000000000000
 000000000000111111000111000000111111110000000000000000000000000000000022220000000000000222220000000000200000000000000000000000000000000000000000000000000888000000000000000000000000
 000000000000000000100000000000000000000000000000000000000000000000000000202200000000000222022020000002200000000000000000000000000000000000000000000000000000880000000000000000000000
 000000000000000000000000001101110000000000000000000000000000000000000000022222022200000000222222222202200000000000000000000000000000000000000000000000000000888000000000000000000000
 000000000000000000000000010000110000000000000000000000000000000000000000000000000220000000000000000000000000000000000000000000000000000000000000000000000000008800000000000000000000
 000000000000000000000000101001110000001111000000110000111111111111111000000000000222220000000022000000000000000000000000000000000000000000000000000000000000008880000000000000000000
 000000000000000000000000000100000000001100000001000000000000100000011000000000000000000220222002000000000000000000000000000000000000000000000000000000000000000008800000000000000000
 000000000000000000000000000000000000001101100001000000000000000000000101000000000000000000022222000000000000000000000000000000000000000000000000000000000000000008800000000000000000
 000000000000000000000000000000000000000000000000110000000000000000000001000000000000000000000000000000000000000000000000000000000000000000000000000000000000000000088000000000000000
 000000000000000000000000000000000000000000000000100000000000000000000000110000000000000000000000000000000000000000000000000000000000000000000000000000000000000000008800000000000000
 000000000000000000000000000000000000000000000000110000000000000000000000011111111100000000000000000000000000000000000000000000000000000000000000000000000000000000008888800000000000
 000000000000000000000000000000000000000000000000110000000000000000000000000000010100000000000000000000000000000000000000000000000000000000000000000000000000000000000000880880800800
 000000000000000000000000000000000000000000000000110000000000000000000000000000001100000000000000000000000000000000000000000000000000000000000000000000000000000000000000888888888080
 000000000000000000000000000000000000000000000000000000000000000000000000000000000100000000000000000000000000000000000000000000000000000000000000000000000000000000000000000000000088
 000000000000000000000000000000000000000000000000000000000000000000000000000000001100000000000000001110100000000000000000000000000000000000000000000000000000000000000000000000000088
 000000000000000000000000000000000000000000000000001000000000000000000000000000000100000000000000001100010000000000000000000000000000000000000000000000000000000000000000000000000000
 000000000000000000000000000000000000000000000000110000000000000000000000000000000100000000000000001000011000000000000000000000000000000000000000000000000000000000000000000000000000
 000000000000000000000000000000000000000000000001100000000000000000000000000000000100000000000000010000001100000000000000000000000000000000000000000000000000000000000000000000000000
 000000000000000000000000000000000000000000000010000000000000000000000000000000000100000000000000010000000010000000000000000000000000000000000000000000000000000000000000000000000000
 000000000000000000000000000000000000000000000010000000000000000000000000000000000011110000000001100000000001000000000000000000000000000000000000000000000000000000000000000000000000
 000000000000000000000000000000000000000000000100000000000000000000000000000000000000001000000011000000000000000000000000000000000000000000000000000000000000000000000000000000000000
 000000000000000000000000000000000000000000000011100000000000000000000000000000000000000111111100000000000001111000000000000000000000000000000000000000000000000000000000000000000000
 000000000000000000000000000000000000000000000000011000000000000000000000000000000000000001000000000000000000011000000000000000000000000000000000000000000000000000000000000000000000
 000000000000000000000000000000000000000000000000011100000000000000000000000000000000000000000000000000000000001110000000000000000000000000000000000000000000000000000000000000000000
 000000000000000000000000000000000000000000000000000010000000000000000000000000000000000000000000000000000000000010000000000000000000000000000000000000000000000000000000000000000000
 110000000000000000000000000000000000000000000000000011000000000000000000000000000000000000000000000000000000000010000000000000000000000000000000000000000000000000000000000000000000
 110000000000000000000000000000000000000000000000000010000000000000000000000000000000000000000000000000000000000010000000000000000000000000000000000000000000000000000000000000000000
 011110000000000000000000000000000000000000000000000011000000000000000000000000000000000000000000000000000000000000000000000000000000000000000000000000000000000000000000000000000000
 000001110000000000000000000000000000000000000000000011000000000000000000000000000000000000000000000000000000000000000000000000000000000000000000000000000000000000000000000000000000
 000000001000000000000000000000000000000000000000000000000000000000000000000000000000000000000000000000000000000000100000000000000000000000000000000000000000000000000000000000000000
 000000000111110000000000000000000000000000000000000011000000000000000000000000000000000000000000000000000000000000100000000000000000000000000000000000000000000000000000000000000000
 000000000011110000000000000000000000000000000000000010000000000000000000000000000000000000000000000000000000000000001100000000000000000000000000000000000000000000000000000000000000
 000000000000001111110000000000000000000000000000011100000000000000000000000000000000000000000000000000000000000000000111000000000000000000000000000000000000000000000000000000000000
 000000000000000000111001000000000000000000000000101000000000000000000000000000000000000000000000000000000000000000000001000000000000000000000000000000000000000000000000000000000000
 000000000000000000000100011111110000000000011111000000000000000000000000000000000000000000000000000000000000000000000000110111110000000000000000000000000000000000000000000000000000
 000000000000000000000000000000110000000000011100000000000000000000000000000000000000000000000000000000000000000000000000000010100000000000000000000000000000000000000000000000000000
 000000000000000000000000000000110000000001000000000000000000000000000000000000000000000000000000000000000000000000000000000000011000000000000000000000000000000000000000000000000000
 000000000000000000000000000000110000000001000000000000000000000000000000000000000000000000000000000000000000000000000000000000010110000000000000000000000000000000000000000000000000
 000000000000000000000000000000100000000000010000000000000000000000000000000000000000000000000000000000000000000000000000000000000110000000000000000000000000000000000000000000000000
 000000000000000000000000000000011000000000010000000000000000000000000000000000000000000000000000000000000000000000000000000000000001110000000000000000000000000000000000000000000000
 000000000000000000000000000000011000000000010000000000000000000000000000000000000000000000000000000000000000000000000000000000000000001000000000000000000000000000000000000000000000
 000000000000000000000000000000001111000000011000000000000000000000000000000000000000000000000000000000000000000000000000000000000000000110000000000000000000000000000000000000000000
 000000000000000000000000000000001111000000011000000000000000000000000000000000000000000000000000000000000000000000000000000000000000000000000000000000000000000000000000000000000000
 000000000000000000000000000000011100000000011000000000000000000000000000000000000000000000000000000000000000000000000000000000000000000010000000000000000000000000000000000000000000
 000000000000000000000000000000001000000000001000000000000000000000000000000000000000000000000000000000000000000000000000000000000000000010000000000000000000000000000000000000000000
 000000000000000000000000000000000100000000000110000000000000000000000000000000000000000000000000000000000000000000000000000000000000000010000000000000000000000000000000000000000000
 000000000000000000000000000000000011000000011100000000000000000000000000000000000000000000000000000000000000000000000000000000000000000010000000000000000000000000000000000000000000
 000000000000000000000000000000000000100000011000000000000000000000000000000000000000000000000000000000000000000000000000000000000000000110000000000000000000000000000000000000000000
 000000000000000000000000000000000000010011011000000000000000000000000000000000000000000000000000000000000000000000000000000000000000111110000000000000000000000000000000000000000000
 000000000000000000000000000000000000001011000000000000000000000000000000000000000000000000000000000000000000000000000000000000010110010100000000000000000000000000000000000000000000
 000000000000000000000000000000000000000010000000000000000000000000000000000000000000000000000000000000000000000000000000000011110011100110000000000000000000000000000000000000000000
 000000000000000000000000000000000000000000000000000000000000000000000000000000000000000000000000000000000000000000000000000010000011000100000000000000000000000000000000000000000000
 000000000000000000000000000000000000000000000000000000000000000000000000000000000000000000000000000000000000000000000000001100000110000110000000000000000000000000000000000000000000
 000000000000000000000000000000000000000000000000000000000000000000000000000000000000000000000000000001111000110000000000110000000100001000000000000000000000000000000000000000000000
 000000000000000000000000000000000000000000000000000000000000000000000000000000000000000000001111011101001110011111111111000000000100000000000000000000000000000000000000000000000000
 000000000000000000000000000000000000000000000000000000000000000000000000000000000000000000011111111111000111111111111111000000011000000011000000000000000000000000000000000000000000
 000000000000000000000000000000000000000000000000000000000000000000000000000000000000000000010000000000001100110000000000000000011000000011010000000000000000000000000000000000000000
 000000000000000000000000000000000000000000000000000000000000000000000000000000000000000111110111111111001111000100000000000000010000000001111111010000000000000000000000000000000000
 000000000000000000000000000000000000000000000000000000000000000000000000000000000000011000000101111101000000011100000000000000010000000000000000010000000000000000000000000000000000
 000000000000000000000000000000000000000000000000000000000000000000000000000000000000011111000000000000100000011100000000000011000000000000000000010000000000000000000000000000000000
 000000000000000000000000000000000000000000000000000000000000000000000000000000000011001110000000000000000000000000000000000011000000000000000000010000000000000000000000000000000000
 000000000000000000000000000000000000000000000000000000000000000000000000000000000011110000000000000001000000000000000000001111000000000000000000000000000000000000000000000000000000
 000000000000000000000000000000000000000000000000000000000000000000000000000000000101000000000000000010000000000000000000001110000000000000000000010000000000000000000000000000000000
 000000000000000000000000000000000000000000000000000000000000000000000000000000001100000000000000001000000000000000000000001000000000000000000001110000000000000000000000000000000000
 000000000000000000000000000000000000000000000000000000000000000000000000000000000000000000000000000011000000000000000000001110111111011101000011110100000000000000000000000000000000
 000000000000000000000000000000000000000000000000000000000000000000000000000000000000000000000000000011000000000000000000000000000000000000101110000100000000000000000000000000000000
 000000000000000000000000000000000000000000000000000000000000000000000000000000000000000000000000001101000000000000000000000000000000000001011110010010000000000000000000000000000000
 000000000000000000000000000000000000000000000000000000000000000000000000000000000000000000000000000010000000000000000000000000000000000000000000010000000000000000000000000000000000
 000000000000000000000000000000000000000000000000000000000000000000000000000000000000000000000000000011000011110000111011000000000000000000000000011100000000000000000000000000000000
 000000000000000000000000000000000000000000000000000000000000000000000000000000000000000000000000000001000011110000110011000000000000000000000000000000000000000000000000000000000000
 000000000000000000000000000000000000000000000000000000000000000000000000000000000000000000000000000000111110010000100001100000000000000000000000000000000000000000000000000000000000
 000000000000000000000000000000000000000000000000000000000000000000000000000000000000000000000000000000001100110000100000000000000000000000000000000000000000000000000000000000000000
 000000000000000000000000000000000000000000000000000000000000000000000000000000000000000000000000000110000000010000111011000000000000000000000000000000000000000000000000000000000000
 000000000000000000000000000000000000000000000000000000000000000000000000000000000000000000000000101100100000000000111111000000000000000000000000000000000000000000000000000000000000
 000000000000000000000000000000000000000000000000000000000000000000000000000000000000000000000101000000000000000011100000000000000000000000000000000000000000000000000000000000000000
