 0000000000000000000000000000000000000000
 0000000000000000000000000000000000000000
 0000000000000000000000000000000000000000
 0000000000000000000000000000000000000000
 0000000000000055000000000000000000000000
 0000000000000000000000000000000000000000
 0000000000000000000000000000000000000000
 0000000000000000000000000000000000000000
 0000000000000000000000000000000000000000
 0000000000000000000000000000000000000000
 0000000000000000000000000000000000000000
 0000000000000000000000000000000000000000
 0000000000000000000000000000000000000000
 0000000000000000000000000000000000000000
 0000000000000000000000000000000000000000
 0000000000000000000000000000000000000000
 0000000000000000000000000000000000000000
 0000000000000000000000000000000000000000
 0000000000000000000000000000005000000000
 0000000000000000000000000000000000000000
 0000000000000000000000000000000000000000
 0000000000000000000000000000000000000000
 0000000000000000000000000000000000000000
 0000000000000000000000000000000000000000
 0000000000000000000000000000000000000000
 0000000000000000000000000000000000000000
 0000000000000000000000000000000000000000
 0000000000000000000000000000000000000000
 0000000000000000000000000000000000000000
 0000000000000000000000000000000000000000
 0000000000000000000000000000000000000000
 0000000000000000000000000000000000000000
 0000000000000000000000000000000000000000
 0000000000000000000000000000000000000000
 0000000000000000000000000000000000000000
 0000000000000000000000000000000000000000
 0000000000000000000000000000000000000000
 0000000000000000000000000000000000000000
 0000000000000000000000000000000000000000
 0000000000000000000000000000000000000000
 0000000000000000000000000000000000000000
 0000000000000000000000000000000000000000
 0000000000000000000000000000000000000000
 0000000000000000000000000000000000000000
 0000000000000000000000000000000000000000
 0000000000000000000000000000000000000000
 0000000000000000000000000000000000000000
 0000000000000000000000000000000000000000
 0000000000000000000000000000000000000000
 0000000000000000000000000000000000000000
 0000000000000000000000000000000000000000
 0000000000000000000000000000000000000000
 0000000000000000000000000000000000000000
 0000000000000000000000000000000000000000
 0000000000000000000000000000000000000000
 0000000000000000005000000000000000000000
 0000000000000000055000000000000000000000
 0000000000000000000000000000000000000000
 0000000000000000000000000000000000000000
 0000000000000000000000000000000000000000
 0000000000000000000000000000000000000000
 0000000000000000000000550000000000000000
 0000000000000000000000000000000000000000
 0000000000000000000000000000000000000000
 0000000000000000000000000000000000000000
 0000000000000000000000000000000000000000
 0000000000000000000000000000000000000000
 0000000000000000000000000000000000000000
 0000000000000000000000000000000000000000
 0000000000000000000000000000000000000000
 0000000000000000000000000000000000000000
 0000000000000000000000000000000000000000
 0000000000000000000000000000000000000000
 0000000000000000000000000000000000000000
 0000000000000000000000000000000000000000
 0000000000000000000000000000000000000000
 0000000000000000000000000000000000000000
 0000000000000000000000000000000000000000
 0000000000000000000000000000000000000000
 0000000000000000000000000000000000000000
 0000000000000000000000000000000000000000
 0000000000000000000000000000000000000000
 0000000000000000000000000000000000005000
 0000000000000000000000000000000000000000
 0000000000000000000000000000000000000000
 0000000000000000000000000000000000777777
 0000000000000000000000000077777777777777
 0000000000000000000077777777777777777777
 0007000000000077777777777777777777777777
 7777777777777777777777777777777777777777
 7777777777777777777777777777777777777777
 7777777777777777777777777777777777777777
 7777777777777777777777777777777777777777
 7777777777777777777777777777777777777777
 7777777777777777777777777777777777777777
 7777777777777777777777777777777777777777
 7777777777777777777777777777777777777777
 7777777777777777777777777777777777777777
 7777777777777777777777777777777777777777
 7777777777777777777777777777777777777777
 7777777777777777777777777777777777777777
 7777777777777777777777777777777777777777
 7777777777777777777777777777777777777777
 7777777777777777777777777777777777777777
 7777777777777777777777777777777777777777
 7777777777777777777777777777777777777777
 7777777777777777777777777777777777777777
 7777777777777777777777777777777777777777
 7777777777777777777777777777777777777777
 7777777777777777777777777777777777777777
 7777777777777777777777777777777777777777
 7777777777777777777777777777777777777777
 7777777777777777777777777777777777777777
 7777777777777777777777777777777777777777
 77777777777777777777777777777777777777@@
 77777777777777777777777@@@777@@@@@@@@@@@
 777777777777777777777@@@@@@@@@@@@@@@@@@@
 77777777777777777@@@@@@@@@@@@@@@@@@@@@@@
 7777777777777@@@@@@@@@@@@@@@@@@@@@@@@@@@
 7777777@@@@@@@@@@@@@@@@@@@@@@@@@@@@@@@@@
 777777@@@@@@@@@@@@@@@@@@@@@@@@@@@@@@@@@@
 7777@@@@@@@@@@@@@@@@@@@@@@@@@@@@@@@@@@@@
 @@@@@@@@@@@@@@@@@@@@@@@@@@@@@@@@@@@@@@@@
 @@@@@@@@@@@@@@@@@@@@@@@@@@@@@@@@@@@@@@@@
 @@@@@@@@@@@@@@@@@@@@@@@@@@@@@@@@@@@@@@@@
 @@@@@@@@@@@@@@@@@@@@@@@@@@@@@@@@@@@@@@@@
 @@@@@@@@@@@@@@@@@@@@@@@@@@@@@@@@@@@@@@@@
 @@@@@@@@@@@@@@@@@@@@@@@@@@@@@@@@@@@@@@@@
 @@@@@@@@@@@@@@@@@@@@@@@@@@@@@@@@@@@@@@@@
 @@@@@@@@@@@@@@@@@@@@@@@@@@@@@@@@@@@@@@@@
 @@@@@@@@@@@@@@@@@@@@@@@@@@@@@@@@@@@@@@@@
 @@@@@@@@@@@@@@@@@@@@@@@@@@@@@@@@@@@@@@@@
 @@@@@@@@@@@@@@@@@@@@@@@@@@@@@@@@@@@@@@@@
 @@@@@@@@@@@@@@@@@@@@@@@@@@@@@@@@@@@@@@@@
 @@@@@@@@@@@@@@@@@@@@@@@@@@@@@@@@@@@@@@@@
 @@@@@@@@@@@@@@@@@@@@@@@@@@@@@@@@@@@@@@@@
 @@@@@@@@@@@@@@@@@@@@@@@@@@@@@@@@@@@@@@@@
 @@@@@@@@@@@@@@@@@@@@@@@@@@@@@@@@@@@@@@@@
 @@@@@@@@@@@@@@@@@@@@@@@@@@@@@@@@@@@@@@@@
 @@@@@@@@@@@@@@@@@@@@@@@@@@@@@@@@@@@@@@@@
 @@@@@@@@@@@@@@@@@@@@@@@@@@@@@@@@@@@@@@@@
 @@@@@@@@@@@@@@@@@@@@@@@@@@@@@@@@@@@@@@@@
 @@@@@@@@@@@@@@@@@@@@@@@@@@@@@@@@@@@@@@@@
 @@@@@@@@@@@@@@@@@@@@@@@@@@@@@@@@@@@@@@@@
 @@@@@@@@@@@@@@@@@@@@@@@@@@@@@@@@@@@@@@@@
 @@@@@@@@@@@@@@@@@@@@@@@@@@@@@@@@@@@@@@@@
 @@@@@@@@@@@@@@@@@@@@@@@@@@@@@@@@@@@@@@@@
 @@@@@@@@@@@@@@@@@@@@@@@@@@@@@@@@@@@@@@@@
 @@@@@@@@@@@@@@@@@@@@@@@@@@@@@@@@@@@@@@@@
 @@@@@@@@@@@@@@@@@@@@@@@@@@@@@@@@@@@@@@@@
