 000000000000000000000000000000000000000000000000000000000000000000000000000000000000000000000000000000000000000000000000000000000000000000000000000000000000000000000000000000000000
 000000000000000000000000000000000000000000000000000000000000000000000000000000000000000000000000000000000000000000000000000000000000000000000000000000000000000000000000000000000000
 000000000000000000000000000000000000000000000000000000000000000000000000000000000000000000000000000000000000000000000000000000000000000000000000000000000000000000000000000000000000
 000000000000000000000000000000000000000000000000000000000000000000000000000000000000000000000000000000000000000000000000000000000000000000000000000000000000000000000000000000000000
 000000000000000000000000000000000000000000000000000000000000000000000000000000000000000000000000000000000000000000000000000000000000000000000000000000000000000000000000000000000000
 000000000000000000000000000000000000000000000000000000000000000000000000000000000000000000000000000000000000000000000000000000000000000000000000000000000000000000000000000000000000
 000000000000000000000000000000000000000000000000000000000000000000000000000000000000000000000000000000000000000000000000000000000000000000000000000000000000000000000000000000000000
 000000000000000000000000000000000000000000000000000000000000000000000000000000000000000000000000011111101111111111110000000000000000000000000000000000000000000000000000000000000000
 000000000000000000000000000000000000000000000000000000000000000000000000000000000000000011111100100000000010000100015500000000000000000000000000000000000000000000000000000000000000
 000000000000000000000000000000000000000000000000000000000000000000000000000000000000111111111111000011010010001155500000000000000000000000000000000000000000550000000000000000000000
 000000000000000000000000000000000000000000000000000000000000000000000000000000000001011001111100111000001111110000000000000000000000000000000000000000000000055000000000000000000000
 000000000000000000000000000000000000000000000000000000000000000000000000001111110110011001011011110000001000555500000000000000000000000000000000000000000000000000000000000000000000
 000000000000000000000000000000000000000000000000000000000000000000000000000011111101100111111101001010010000550050000000000000000000000000000000000000000000055555000000000000000000
 000000000000000000000000000000000000000000000000000000000011111100000010000000000011110111111101111011000000050050000000000000000000000000000000000000000000005555000000000000000000
 000000000000000000000000000000000000000000000000000000000111111111110111110011111100111111000011101000000000000000000000000000000000000000000000000000000000000500000000000000000000
 000000000000000000000000000000000000000000000000000000000000001111111111110000011101110111111111111100000000000000000000000000000000000000000000000000000000000500000000000000000000
 000000000000000000000000000000000000000000000000000000011111111100000000000000111110111110011110110000000000000000000000000500000000000000000000000000000000055000000000000000000000
 000000000000000000000000000000000000000000000000000000111000111111110111110001100111111110111111011011100000000000000000000550000000000000000000000000000050050000000000000000000000
 000000000000000000000000000000000000000000000000000000111111110001011011001000111110110001100110001101011000000000000000000055000000000000000000000000000055500000000000000000000000
 110000000000000000011111111000010000000000000000000000001100010101000000001100001101111000110000000110000111111000000000000005055000000000000000000000050500550000000000000000000000
 000000000000000011110000000111110111110010000001111110101110011111000000110011100101111100011111011101110000011110000000000055055000000000000000000000005550500000000000000000000000
 100000000000011110000000000000000000001011110111110000110001111111111111111111001111010011110011010000111100001110000000000005555000000000000000000000000000000000000000000000000000
 011100000000011101000000000000000000000000000000000000000000000011111111111111111111110001011110010000111111001111100000000000500000000000000000000005000000000000000000000000000000
 000011110000000101010000000000000000000000000000000000000000000000100011100000000111100000011101110000110011000010011100000005500000000000000000000000000000000000000000000000000000
 111000111101111111100000000000000000000000000000000000000000000000000000000000000000000001101111000000000110000111111100000000505000000000000550500000000001110111011100000000000000
 000111100000101111100000000000000000000000000000000000000000000000000000000000000000000001011111110001111100000111110000000000050000000000000000000000000000111101001100000000000000
 000000100000000000000000000000000000000000000000000000000000000000000000000000000000000011111101111000100011001101100000000000055000000000000000000000000000011101001000000000000000
 000000000100000110000000000001000000000000000000000000000000000000000000000000000000101110000010110001000001111111100000000000000000000000500000000000000000000000000000000000000000
 000000000000011000000000000011000000000000000000000000000000000000000000000000000000000000000000000000000000000000000000000000000000000000000000000000000000000000000000000000000000
 000000000000011001000000000111111101000000000000000000000000000000000000000000000000110000000000000001100001110000000000000000000000055000000000000000000000000000000000000000000000
 000000000000111110000000101111010001111111001000000000000000000000000000000000000000100000000000000000100000110000110000000000000000005500000000000000000000000000000000000000000010
 000000000000000001111110010110000000000011111010000000000000000000000000000000000000110000000000000001100000011101111000000000000000000000000000000000000000000000000000000000001000
 000000000000000000000010011000000000000000011110000000000000000000000000000000000000001100000000000000100000001110001100000000000000000000000000000000000000000000000000000011111100
 000000000000000000001110011000000000000000011111110000000000000000000000000000000000000111101000000000010000000000000100000000000000000000000000000000000000000000000000000001001100
 000000000000000001111000000000000000000000000011100000000000000000000000000000000000000000011110000010010000000000000010000000000000000000000000000000000000000000000000000001001100
 000000000000000101000000000000000000000000000011110000000000000000000000000000000000000000000111110011000000000000000001110000000000000000000000000000000000000000000000001111111111
 000000000000100000000000000000000000000000000011010000000000000000000000000000000000000000000001110011010000000000000001111000000000000000000000000000000000000000000000011001001011
 000000000000000000000000000000000000000000000001011110000000000000000000000000000000000000000000011011000000000000000001101100000000000000000000000000000000000000000000001101011111
 000000000000000000000000000000000000000000000000000110000000000000000000000000000000000000000000000111000000000000000000011100000000000000000000000000000000000000000000011110111111
 000000000000000000000000000000000000000000000000000110100000000000000000000000000000000000000000000110000000000001000011101100000000000000000000000000000000000000000000000000011111
 000000000000000000000000000000000000000000000000000111110000000000000000000000000000000000000000000001000000000111111110011100000000000000000000000000000000000000000000000000110001
 000000000000000000000000000000000000000000000000000001111100000000000000000000000000000000000000000000000000010111111100010011000000000000000000000000000000000000000000000000011111
 000000000000000000000000000000000000000000000000000000011100000000000000000000000000000000000000000000000000000000100000111111100000000000000000000000000000000000000000000000011100
 000000000000000000000000000000000000000000000000000000011100000000000000000000000000000000000000000000000001000000100010000011100000000000000000000000000000000000000000000000000110
 000000000000000000000000000000000000000000000000000000011000000000000000000000000000000000000000000000000100000001111111000000000000000000000000000000000000000000000000000000000010
 000000000000000000000000000000000000000000000000000000000000000000000000000000000000000000000000000000000000011111111100000000000000000000000000000000000000000000000000000000000011
 000000000000000000000000000000000000000000000000000000011000000000000000000000000000000000000000000000000000110001100000000000000000000000000000000000000000000000000000000100000010
 000000000000000000000000000000000000000000000000000000010000000000000000000000000000000000000000000000000010100000000000000000000000000000000000000000000000000000000000001111111110
 000000000000000000000000000000000000000000000000000000011000000000000000000000000000000000000000000000000101100000000000000000000000000000000000000000000000000000000000001100000000
 000000000000000000000000000000000000000000000000000000010000000000000000000000000000000000000000000000000111000000000000000000000000000000000000000000000000000000000000001100000000
 000000000000000000000000000000000000000000000000000000010000000000000000000000000000000000000000000000011100000000000000000000000000000000000000000000000000000000000000001000000011
 000000000000000000000000000000000000000000000000000000011000000000000000000000000000000000000000000000111000000000000000000000000000000000000000000000000000000000000000001100000011
 000000000000000000000000000000000000000000000000000000000110000000000000000000000000000000000000000000111000000000000000000000000000000000000000000000000000000000000000001110010010
 000000000000000000000000000000000000000000000000000000000100000000000000000000000000000000000000000000110000000000000000000000000000000000000000000000000000000000000000001111111100
 000000000000000000000000000000000000000000000000000000000110000000000000000000000000000000000000000100110000000000000000000000000000000000000000000000000000000000000000000001000011
 000000000000000000000000000000000000000000000000000000000010000000000000000000000000000000000000000011100000000000000000000000000000000000000000000000000000000000000000000001111110
 000000000000000000000000000000000000000000000000000000000000111000000000000000000000000000000000000111000000000000000000000000000000000000000000000000000000000000000000000011000000
 000000000000000000000000000000000000000000000000000000000000001000000000000000000000000000000000001110000000000000000000000000000000000000000000000000000000000000000000001100100000
 000000000000000000000000000000000000000000000000000000000000001101000000000000000000000000010000001000000000000000000000000000000000000000000000000000000000000000000000001000000000
 000000000000000000000000000000000000000000000000000000000000000110100000000000000000011100111100010000000000000000000000000000000000000000000000000000000000000000000000010000000000
 000000000000000000000000000000000000000000000000000000000000000111110000000000000100111101100111111000000000000000000000000000000000000000000000000000000000000000000000011000000000
 000000000000000000000000000000000000000000000000000000000000000011110000000000000011100011000000101000000000000000000000000000000000000000000000000000000000000000000000110000000000
 000000000000000000000000000000000000000000000000000000000000000001101100000000000110000000000000111000000000000000000000000000000000000000000000000000000000000000000011100000000000
 000000000000000000000000000000000000000000000000000000000000000001110110000000000100000000000000011100000000000000000000000000000000000000000000000000000000000000000010000000000000
 000000000000000000000000000000000000000000000000000000000000000000011011000000000010000000000000011100000000000000000000000000000000000000000000000000000000000000000100000000000000
 000000000000000000000000000000000000000000000000000000000000000000011001110000000000000000000000000000000000000000000000000000000000000000000000000000000000000000000000000000000000
 000000000000000000000000000000000000000000000000000000000000000000001100110000000000000000000000000000000000000000000000000000000000000000000000000000000000000000000000000000000000
 000000000000000000001000000000000000000000000000000000000000000000000100011000000100000000000000111100000000000000000000000000000000000000000000000000000000000000010000000000000000
 000000000000000000000100000000000000000000000000000000000000000000000000001000000000000000000000000000000000000000000000000000000000000000000000000000000000000000000000000000000000
 000000000000000000000001000000000000000000000000000000000000000000000000001000000110000001111000000001111100000000000000000000000000000000000000000000000000000000100000000000000000
 000000000000000000000000100000000000000000000000000000000000000000000000001000000011000001011000000000111011111000000000000000000000000000000000000000000000000000010000000000000000
 000000000000000000000001100000000000000000000000000000000000000000000000001110000001100110010000000000110010111011000000000000000000000000000000000000000000000000010000000000000000
 000000000000000000000000000000000000000000000000000000000000000000000000000011100000111100010000000001100111111011000000000000000000000000000000000000000000000000010000000000000000
 000000000000000000000000000000000000000000000000000000000000000000000000000000111110100000010000000000000000000000000000000000000000000000000000000000000000000000010000000000000000
 000000000000000000000000000000000000000000000000000000000000000000000000000000000111111000000000000000000000000000000000000000000000000000000000000000000000000000000000000000000000
 000000000000000000000000000000000000000000000000000000000000000000000000000000000000001100000000000000000000000000000000000000000000000000000000000000000000000000000000000000000000
 000000000000000000000000000000000000000000000000000000000000000000000000000000000000000011010011100000000000000000000000000000000000000000000000000000000000000000110010000000000000
 000000000000000000000000000000000000000000000000000000000000000000000000000000000000000000111000000000000000000000000000000000000000000000000000000000000000000000000000000000000000
 000000000000000000000000000000000000000000000000000000000000000000000000000000000000000000001100000000000000000000000000000000000000000000000000000000000000000000000000000000000000
 000000000000000000000000000000000000000000000000000000000000000000000000000000000000000000000101000000001111111101001010000000000000000000000000000000000000000000001100000000000000
 000000000000000000000000000000000000000000000000000000000000000000000000000000000000000000000111100001001000000111111110000000000000000000000000000000000000000000000100000000000000
 000000000000000000000000000000000000000000000000000000000000000000000000000000000000000000000001111111011000000000000010000000000000000000000000000000000000000000000010000000000000
 000000000000000000000000000000000000000000000000000000000000000000000000000000000000000000000000111101100000000000000001100000000000000000000000000000000000000000000011001000000000
 000000000000000000000000000000000000000000000000000000000000000000000000000000000000000000000000001000100000000000000000110000000000000000000000000000000000000000000001110000000000
 000000000000000000000000000000000000000000000000000000000000000000000000000000000000000000000000000000100000000000000000001111000000000000000000000000000000000000000000011010011111
 000000000000000000000000000000000000000000000000000000000000000000000000000000000000000000000000000000100000000000000000000000110000000000000000000000000000000000000000001011111110
 000000000000000000000000000000000000000000000000000000000000000000000000000000000000000000000000000000100000000000000000000000111000000000000000000000000000000000000000000000000000
 000000000000000000000000000000000000000000000000000000000000000000000000000000000000000000000000000001100000000000000000000000001000000000000000000000000000000000000000000000000000
 000000000000000000000000000000000000000000000000000000000000000000000000000000000000000000000000000011100000000000000000000000001100000000000000000000000000000000000000000000000000
 000000000000000000000000000000000000000000000000000000000000000000000000000000000000000000000000000111000000000000000000000000001100000000000000000000000000000000000000000000000000
