 000000001100000000000000000000000000000101000000000000000000000000000000000000000000000000000000001100100000100000001001000100000010000000000000000000000000000000000000000000000000
 000000001000000000000000000000000000000001000000000000000000000000000000000000000000000000000000000000110000010000001001111000000011110000000000000000000000000000000000000000000000
 000000001110000000000000000000000000000010000000000000000000000000000000000000000000000000000000000011011100010000010011110000000001010011100000000000000000000000000000000000000000
 000000000010000000000000000000000000000100000000000000000000000000000000000000000000000000000000000001001111011111110011010000101101011100011111000000000000000000000000000000000000
 000000000011010000000000000000000000000100000000000000000000000000000000000000000000000000000000000000100100000000110001111000100010111100000001100000011000000000000000000000000000
 000000000001100000000000000000000001001100000000000000000000000000000000000000000000000000000000000000110100000000000001011000000000000011000000010000110000000000000000000000000000
 000000000000100000000000000000000000001000000000000000000000000000000000000000000000000000000000000000001111000000000000000000000000011001100000011111100000000000000000000000000000
 000000000000100000000000000000000000001100000000000000000000000000000000000000000000000000000000000000000111101110000000000000000000010000100001101000000000100000000000000000000000
 000000000000100000000000000000000000001000000000000000000000000000000000000000000000000000000000000000000001111111110111100010000010000001111011011100000000011000000000000000000000
 000000000000110000000000000000000000001000000000000000000000000000000000000000000000000000000000000000000000000000011101110111100000000000001110001110000000000010000000000000000000
 000000000000010000000000000000000000001100000000000000000000000000000000000000000000000000000000000000000000000000000011000110000000000000000000000111100000000100000000000000000000
 000000000000010000000000000000000000000100000000000000000000000000000000000000000000000000000000000000000000000000000000000000000010000000000110000000000000000000000000000000000000
 000000000000010000000000000000000000000100000000100000000000000000000000000000000000000000000000000000000000000000000000000000000111111110000110000000000000000000000000000000000000
 000000000000100000000000000000000000000100000000110000000000000000000000000000000000000000000000000000000000000000000000000000000010000100000110000000000000000000000000000000000000
 000000000000100000000000000000000000000110000001010000000000000000000000000000000000000000000000000000000000000000000000000001110100000110000111000000000000000000000000000000000000
 000000000001000000000000000000000000000110000011010000000000000000000000000000000000000000000000000000000000000000000000000011011100000100000101100000000000000000000010000000000000
 000000000001000000000000000000000000000100001110010000000000000000000000000000000000000000000000000000000000000000000000000110000000000110000100110000000000000000000000000000000000
 000000000001000000000000000000000000111000011010110000000000000000000000000000000000000000000000000000000000000000000000011100000000000001101000010000000000000000000000000000000010
 000000000001000000000000000000000001100000011000110000000000000000000000000000000000000000000000000000000000000000000000010001000000000000011000010000000000000000000000000000000110
 000000000001100000000000000000000011000000011100100000000000000000000000000000000000000000000000000000000000000000000000010000000000000000000000011100000000000000000000000000000000
 000000000000100000000000000000000100000000011001100000000100000000000000000000000000000000000000000000000000000000000011100000000000000000000000000110000000000000011000000000000000
 000000000000010000000000000000000010000000010101000000000000000000000000000000000000000000000000000000000000000000011110000000000000000000000000000010000000000000001110000000000000
 000000000000011000000000000000000010000000010011000000000000000000000000000000000000000000000000000000000000000001100000000000000000000000000000000010000000000000000110000000000000
 000000000000000000000000000000000000000000010001000000000000000000000000000000000000000000000000000000000000000001101000000000000000000000000000000001100000000000000000000000000000
 000000000000001000000000000000000110000000011010000000000000000000000000000000000000000000000000000000000000000001000000000000000000000000000000000000110000000000000000000000000000
 000000000000000000000000000000001010000000011110000000000000000000000000000000000000000000000000000000000000000001010000000000000000000000000000000000011000000000000000000000000000
 000000000000001000000000000000001000000000000000000000000000000000000000000000000000000000000000000000000000000001000000000000000000000000000000000000001000000000000000000000000000
 000000000000001000000000000000001000000000000000000000000000000000000000000000000000000000000000000000000000000001100000000000000000000000000000000000001000000000000000000000000000
 000000000000000110000000000000010000000000000000000000000000000000000000000000000000000000000000000000000000000000000000000000000000000000000000000000001000000000000000000000000000
 000000000000000010000000000000110000000000000000000000000000000000000000000000000000000000000000000000000000000000100000000000000000000000000000000000001000000000000000000000000000
 000000000000000010000000000000100000000000000000000000000000000000000000000000000000000000000000000000000000000000110000000000000000000000000000000000001000000000000000000000000000
 000000000000000001000000000011000000000000000000000000000000000000000000000000000000000000000000000000000000000000110000000000001110000000000000000000001000000000000000000000000000
 000000000000000001010000000010000000000000000000000000000000000000000000000000000000000000000000000000000000000000011000000011111001110000000000000000011000000000000000000000000000
 000000000000000001100000001100000000000000000000000000000000000000000000000000000000000000000000000000000000000000000000000110000000011011000000000000110000000000000000000000000000
 000000000000000000101110110000000000000000000000000000000000000000000000000000000000000000000000000000000000000000111011111100000000001111000000000000100000000000000000000000000000
 000000000000000000000000000000000000000000000000000000000000000000000000000000000000000000000000000000000000000000001100000000000000000101110000000001100000000000000000000011000000
 000000000000000000000000000000000000000000000000000000000000000000000000000000000000000000000000000000000000000000000000000000000000000001110000000101000000000000000000000001100000
 000000000000000000000000000000000000000000000000000000000000000000000000000000000000000000000000000000000000000000000000000000000000000000010100000111000000000000000000000000111000
 000000000000000000000000000000000000000000000000000000000000000000000000000000000000000000000000000000000000000000000000000000000000000000011111111111000000000000000000000000111100
 000000000000000000000000000000000000000000000000000000000000000000000000000000000000000000000000000000000000000000000000000000000000000000000000011000000000000000000000000001111100
 000000000000000000000000000000000000000000000000000000000000000000000000000000000000000000000000000000000000000000000000000000000000000000000000000100000000000000000000000000111000
 000000000000000000000000000000000000000000000000000000000000000000000000000000000000000000000000000000000000000000000000000000000000000000000000011100000000000000000000000111110000
 000000000000000000000000000000000000000000000000000000000000000000000000000000000000000000000000000000000000000000000000000000000000000000000000011100000000000000000000001111000000
 000000000000000000000000000000000000000000000000000000000000000000000000000000000000000000000000000000000000000000000000000000000000000000000000011100000000000000000000011010000000
 000000000000000000000000000000000000000000000000000000000000000000000000000000000000000000000000000000000000000000000000000000000000000000000000000000000000000000000001111100000000
 000000000000000000000000000000000000000000000000000000000000000000000000000000000000000000000000000000000000000000000000000000000000000000000000000000000000000000000011001000000000
 000000000000000000000000000000000000000000000000000000000000000000000000000000000000000000000000000000000000000000000000000000000000000000000000000000000000000000000010110000000000
 000000000000000000000000000000000000000000000000000000000000000000000000000000000000000000000000000000000000000000000000000000000000000000000000000000000000000000000001000000000000
 000000000000000000000000000000000000000000000000000000000000000000000000000000000000000000000000000000000000000000000000000000000000000000000000000000000000000000000000000000000000
 000000000000000000000000000000000000000000000000000000000000000000000000000000000000000000000000000000000000000000000000000000000000000000000000000000000000000000000000000000000000
 000000000000000000000000000000000000000000000000000000000000000000000000000000000000000000000000000000000000000000000000000000000000000000000000000000000000000000000000000000000000
 000000000000000000000000000000000000000000000000000000000000000000000000000000000000000000000000000000000000000000000000000000000000000000000000000000000000000000000000000000000000
 000000000000000000000000000000000000000000000000000000000000000000000000000000000000000000000000000000000000000000000000000000000000000000000000000000000000000000000000000000000000
 000000000000000000000000000000000000000000000000000000000000000000000000000000000000000000000000000000000000000000000000000000000000000000000000000000000000000000000000000000000000
 000000000000000000000000000000000000000000000000000000000000000000000000000000000000000000000000000000000000000000000000000000000000000000000000000000000000000000000000000000000000
 000000000000000000000000000000000000000000000000000000000000000000000000000000000000000000000000000000000000000000000000000000000000000000000000000000000000000000000000000000000000
 000000000000000000000000000000000000000000000000000000000000000000000000000000000000000000000000000000000000000000000000000000000000000000000000000000000000000000000000000000000000
 000000000000000000000000000000000000000000000000000000000000000000000000000000000000000000000000000000000000000000000000000000000000000000000000000000000000000000000000000000000000
 000000000000000000000000000000000000000000000000000000000000000000000000000000000000000000000000000000000000000000000000000000000000000000000000000000000000000000000000000000000000
 000000000000000000000000000000000000000000000000000000000000000000000000000000000000000000000000000000000000000000000000000000000000000000000000000000000000000000000000000000000000
 000000000000000000000000000000000000000000000000000000000000000000000000000000000000000000000000000000000000000000000000000000000000000000000000000000000000000000000000000000000000
 000000000000000000000000000000000000000000000000000000000000000000000000000000000000000000000000000000000000000000000000000000000000000000000000000000000000000000000000000000000000
 000000000000000000000000000000000000000000000000000000000000000000000000000000000000000000000000000000000000000000000000000000000000000000000000000000000000000000000000000000000000
 000000000000000000000000000000000000000000000000000000000000000000000000000000000000000000000000000000000000000000000000000000000000000000000000000000000000000000000000000000000000
 000000000000000000000000000000000000000000000000000000000000000000000000000000000000000000000000000000000000000000000000000000000000000000000000000000000000000000000000000000000000
 000000000000000000000000000000000000000000000000000000000000000000000000000000000000000000000000000000000000000000000000000000000000000000000000000000000000000000000000000000000000
 000000000000000000000000000000000000000000000000000111110000000000000000000000000000000000000000111111111110000111100000000001100011111111000000000000000000000000000000000000000000
 000000000000000000000000000000000000000000000001111000001111111110000000000000000001111111111111000000000001111000011111111110011100000000111111110000000000000000000000000000000000
 000000000000000000000000000000000000000001111110000000000000000001111100000000111110000000000000000000000000000000000000000000000000000000000000001111100000000000000000000000000000
 000000000000000000000000000000011111100110000000000000000000000000000100000011000000000000000000000000000000000000000000000000000000000000000000000000011111111000000000000000000000
 000001111111111111110000001111100000011000000000000000000000000000000100111100000000000000000000000000000000000000000000000000000000000000000000000000000000000111101000000000000000
 111110000000000000001111110000000000000000000000000000000000000000001001000000000000000000000000000000000000000000000000000000000000000000000000000000000000000000010111110000000000
 000000000000000000000000000000000000000000000000000000000000000000000110000000000000000000000000000000000000000000000000000000000000000000000000000000000000000000000000010000000000
 000000000000000000000000000000000000000000000000000000000000000000000000000000000000000000000000000000000000000000000000000000000000000000000000000000000000000000000111100000000000
 000000000000000000000000000000000000000000000000000000000000000000000000000000000000000000000000000000000000000000000000000000000000000000000000000000000000000000011000000000000000
 000000000000000000000000000000000000000000000000000000000000000000000000000000000000000000000000000000000000000000000000000000000000000000000000000000000000000000100000000000000000
 000000000000000000000000000000000000000000000000000000000000000000000000000000000000000000000000000000000000000000000000000000000000000000000000000000000000000000100000000000000000
 000000000000000000000000000000000000000000000000000000000000000000000000000000000000000000000000000000000000000000000000000000000000000000000000000000000000000000010000000000000000
 000000000000000000000000000000000000000000000000000000000000000000000000000000000000000000000000000000000000000000000000000000000000000000000000000000000000000000001111111111111111
 000000000000000000000000000000000000000000000000000000000000000000000000000000000000000000000000000000000000000000000000000000000000000000000000000000000000000000000000000000000000
 000000000000000000000000000000000000000000000000000000000000000000000000000000000000000000000000000000000000000000000000000000000000000000000000000000000000000000000000000000000000
 000000000000000000000000000000000000000000000000000000000000000000000000000000000000000000000000000000000000000000000000000000000000000000000000000000000000000000000000000000000000
 000000000000000000000000000000000000000000000000000000000000000000000000000000000000000000000000000000000000000000000000000000000000000000000000000000000000000000000000000000000000
 000000000000000000000000000000000000000000000000000000000000000000000000000000000000000000000000000000000000000000000000000000000000000000000000000000000000000000000000000000000000
 000000000000000000000000000000000000000000000000000000000000000000000000000000000000000000000000000000000000000000000000000000000000000000000000000000000000000000000000000000000000
 000000000000000000000000000000000000000000000000000000000000000000000000000000000000000000000000000000000000000000000000000000000000000000000000000000000000000000000000000000000000
 000000000000000000000000000000000000000000000000000000000000000000000000000000000000000000000000000000000000000000000000000000000000000000000000000000000000000000000000000000000000
 000000000000000000000000000000000000000000000000000000000000000000000000000000000000000000000000000000000000000000000000000000000000000000000000000000000000000000000000000000000000
 000000000000000000000000000000000000000000000000000000000000000000000000000000000000000000000000000000000000000000000000000000000000000000000000000000000000000000000000000000000000
 000000000000000000000000000000000000000000000000000000000000000000000000000000000000000000000000000000000000000000000000000000000000000000000000000000000000000000000000000000000000
