 000000005500000000000000000000000000000505000000000000000000000000000000000000000000000000000000005500500000500000005005000500000050000000000000000000000000000000000000000000000000
 000000005000000000000000000000000000000005000000000000000000000000000000000000000000000000000000000000550000050000005005555000000055550000000000000000000000000000000000000000000000
 000000005550000000000000000000000000000050000000000000000000000000000000000000000000000000000000000055055500050000050055550000000005050055500000000000000000000000000000000000000000
 000000000050000000000000000000000000000500000000000000000000000000000000000000000000000000000000000005005555055555550055050000505505055500055555000000000000000000000000000000000000
 000000000055050000000000000000000000000500000000000000000000000000000000000000000000000000000000000000500500000000550005555000500050555500000005500000055000000000000000000000000000
 000000000005500000000000000000000005005500000000000000000000000000000000000000000000000000000000000000550500000000000005055000000000000055000000050000550000000000000000000000000000
 000000000000500000000000000000000000005000000000000000000000000000000000000000000000000000000000000000005555000000000000000000000000055005500000055555500000000000000000000000000000
 000000000000500000000000000000000000005500000000000000000000000000000000000000000000000000000000000000000555505550000000000000000000050000500005505000000000500000000000000000000000
 000000000000500000000000000000000000005000000000000000000000000000000000000000000000000000000000000000000005555555550555500050000050000005555055055500000000055000000000000000000000
 000000000000550000000000000000000000005000000000000000000000000000000000000000000000000000000000000000000000000000055505550555500000000000005550005550000000000050000000000000000000
 000000000000050000000000000000000000005500000000000000000000000000000000000000000000000000000000000000000000000000000055000550000000000000000000000555500000000500000000000000000000
 000000000000050000000000000000000000000500000000000000000000000000000000000000000000000000000000000000000000000000000000000000000050000000000550000000000000000000000000000000000000
 000000000000050000000000000000000000000500000000500000000000000000000000000000000000000000000000000000000000000000000000000000000555555550000550000000000000000000000000000000000000
 000000000000500000000000000000000000000500000000550000000000000000000000000000000000000000000000000000000000000000000000000000000050000500000550000000000000000000000000000000000000
 000000000000500000000000000000000000000550000005050000000000000000000000000000000000000000000000000000000000000000000000000005550500000550000555000000000000000000000000000000000000
 000000000005000000000000000000000000000550000055050000000000000000000000000000000000000000000000000000000000000000000000000055055500000500000505500000000000000000000050000000000000
 000000000005000000000000000000000000000500005550050000000000000000000000000000000000000000000000000000000000000000000000000550000000000550000500550000000000000000000000000000000000
 000000000005000000000000000000000000555000055050550000000000000000000000000000000000000000000000000000000000000000000000055500000000000005505000050000000000000000000000000000000050
 000000000005000000000000000000000005500000055000550000000000000000000000000000000000000000000000000000000000000000000000050005000000000000055000050000000000000000000000000000000550
 000000000005500000000000000000000055000000055500500000000000000000000000000000000000000000000000000000000000000000000000050000000000000000000000055500000000000000000000000000000000
 000000000000500000000000000000000500000000055005500000000500000000000000000000000000000000000000000000000000000000000055500000000000000000000000000550000000000000055000000000000000
 000000000000050000000000000000000050000000050505000000000000000000000000000000000000000000000000000000000000000000055550000000000000000000000000000050000000000000005550000000000000
 000000000000055000000000000000000050000000050055000000000000000000000000000000000000000000000000000000000000000005500000000000000000000000000000000050000000000000000550000000000000
 000000000000000000000000000000000000000000050005000000000000000000000000000000000000000000000000000000000000000005505000000000000000000000000000000005500000000000000000000000000000
 000000000000005000000000000000000550000000055050000000000000000000000000000000000000000000000000000000000000000005000000000000000000000000000000000000550000000000000000000000000000
 000000000000000000000000000000005050000000055550000000000000000000000000000000000000000000000000000000000000000005050000000000000000000000000000000000055000000000000000000000000000
 000000000000005000000000000000005000000000000000000000000000000000000000000000000000000000000000000000000000000005000000000000000000000000000000000000005000000000000000000000000000
 000000000000005000000000000000005000000000000000000000000000000000000000000000000000000000000000000000000000000005500000000000000000000000000000000000005000000000000000000000000000
 000000000000000550000000000000050000000000000000000000000000000000000000000000000000000000000000000000000000000000000000000000000000000000000000000000005000000000000000000000000000
 000000000000000050000000000000550000000000000000000000000000000000000000000000000000000000000000000000000000000000500000000000000000000000000000000000005000000000000000000000000000
 000000000000000050000000000000500000000000000000000000000000000000000000000000000000000000000000000000000000000000550000000000000000000000000000000000005000000000000000000000000000
 000000000000000005000000000055000000000000000000000000000000000000000000000000000000000000000000000000000000000000550000000000005550000000000000000000005000000000000000000000000000
 000000000000000005050000000050000000000000000000000000000000000000000000000000000000000000000000000000000000000000055000000055555005550000000000000000055000000000000000000000000000
 000000000000000005500000005500000000000000000000000000000000000000000000000000000000000000000000000000000000000000000000000550000000055055000000000000550000000000000000000000000000
 000000000000000000505550550000000000000000000000000000000000000000000000000000000000000000000000000000000000000000555055555500000000005555000000000000500000000000000000000000000000
 000000000000000000000000000000000000000000000000000000000000000000000000000000000000000000000000000000000000000000005500000000000000000505550000000005500000000000000000000055000000
 000000000000000000000000000000000000000000000000000000000000000000000000000000000000000000000000000000000000000000000000000000000000000005550000000505000000000000000000000005500000
 000000000000000000000000000000000000000000000000000000000000000000000000000000000000000000000000000000000000000000000000000000000000000000050500000555000000000000000000000000555000
 000000000000000000000000000000000000000000000000000000000000000000000000000000000000000000000000000000000000000000000000000000000000000000055555555555000000000000000000000000555500
 000000000000000000000000000000000000000000000000000000000000000000000000000000000000000000000000000000000000000000000000000000000000000000000000055000000000000000000000000005555500
 000000000000000000000000000000000000000000000000000000000000000000000000000000000000000000000000000000000000000000000000000000000000000000000000000500000000000000000000000000555000
 000000000000000000000000000000000000000000000000000000000000000000000000000000000000000000000000000000000000000000000000000000000000000000000000055500000000000000000000000555550000
 000000000000000000000000000000000000000000000000000000000000000000000000000000000000000000000000000000000000000000000000000000000000000000000000055500000000000000000000005555000000
 000000000000000000000000000000000000000000000000000000000000000000000000000000000000000000000000000000000000000000000000000000000000000000000000055500000000000000000000055050000000
 000000000000000000000000000000000000000000000000000000000000000000000000000000000000000000000000000000000000000000000000000000000000000000000000000000000000000000000005555500000000
 000000000000000000000000000000000000000000000000000000000000000000000000000000000000000000000000000000000000000000000000000000000000000000000000000000000000000000000055005000000000
 000000000000000000000000000000000000000000000000000000000000000000000000000000000000000000000000000000000000000000000000000000000000000000000000000000000000000000000050550000000000
 000000000000000000000000000000000000000000000000000000000000000000000000000000000000000000000000000000000000000000000000000000000000000000000000000000000000000000000005000000000000
 000000000000000000000000000000000000000000000000000000000000000000000000000000000000000000000000000000000000000000000000000000000000000000000000000000000000000000000000000000000000
 000000000000000000000000000000000000000000000000000000000000000000000000000000000000000000000000000000000000000000000000000000000000000000000000000000000000000000000000000000000000
 000000000000000000000000000000000000000000000000000000000000000000000000000000000000000000000000000000000000000000000000000000000000000000000000000000000000000000000000000000000000
 000000000000000000000000000000000000000000000000000000000000000000000000000000000000000000000000000000000000000000000000000000000000000000000000000000000000000000000000000000000000
 000000000000000000000000000000000000000000000000000000000000000000000000000000000000000000000000000000000000000000000000000000000000000000000000000000000000000000000000000000000000
 000000000000000000000000000000000000000000000000000000000000000000000000000000000000000000000000000000000000000000000000000000000000000000000000000000000000000000000000000000000000
 000000000000000000000000000000000000000000000000000000000000000000000000000000000000000000000000000000000000000000000000000000000000000000000000000000000000000000000000000000000000
 000000000000000000000000000000000000000000000000000000000000000000000000000000000000000000000000000000000000000000000000000000000000000000000000000000000000000000000000000000000000
 000000000000000000000000000000000000000000000000000000000000000000000000000000000000000000000000000000000000000000000000000000000000000000000000000000000000000000000000000000000000
 000000000000000000000000000000000000000000000000000000000000000000000000000000000000000000000000000000000000000000000000000000000000000000000000000000000000000000000000000000000000
 000000000000000000000000000000000000000000000000000000000000000000000000000000000000000000000000000000000000000000000000000000000000000000000000000000000000000000000000000000000000
 000000000000000000000000000000000000000000000000000000000000000000000000000000000000000000000000000000000000000000000000000000000000000000000000000000000000000000000000000000000000
 000000000000000000000000000000000000000000000000000000000000000000000000000000000000000000000000000000000000000000000000000000000000000000000000000000000000000000000000000000000000
 000000000000000000000000000000000000000000000000000000000000000000000000000000000000000000000000000000000000000000000000000000000000000000000000000000000000000000000000000000000000
 000000000000000000000000000000000000000000000000000000000000000000000000000000000000000000000000000000000000000000000000000000000000000000000000000000000000000000000000000000000000
 000000000000000000000000000000000000000000000000000000000000000000000000000000000000000000000000000000000000000000000000000000000000000000000000000000000000000000000000000000000000
 000000000000000000000000000000000000000000000000000000000000000000000000000000000000000000000000000000000000000000000000000000000000000000000000000000000000000000000000000000000000
 000000000000000000000000000000000000000000000000000000000000000000000000000000000000000000000000000000000000000000000000000000000000000000000000000000000000000000000000000000000000
 000000000000000000000000000000000000000000000000000555550000000000000000000000000000000000000000555555555550000555500000000005500055555555000000000000000000000000000000000000000000
 000000000000000000000000000000000000000000000005555000005555555550000000000000000005555555555555000000000005555000055555555550055500000000555555550000000000000000000000000000000000
 000000000000000000000000000000000000000005555550000000000000000005555500000000555550000000000000000000000000000000000000000000000000000000000000005555500000000000000000000000000000
 000000000000000000000000000000055555500550000000000000000000000000000500000055000000000000000000000000000000000000000000000000000000000000000000000000055555555000000000000000000000
 000005555555555555550000005555500000055000000000000000000000000000000500555500000000000000000000000000000000000000000000000000000000000000000000000000000000000555505000000000000000
 555550000000000000005555550000000000000000000000000000000000000000005005000000000000000000000000000000000000000000000000000000000000000000000000000000000000000000050555550000000000
 000000000000000000000000000000000000000000000000000000000000000000000550000000000000000000000000000000000000000000000000000000000000000000000000000000000000000000000000050000000000
 000000000000000000000000000000000000000000000000000000000000000000000000000000000000000000000000000000000000000000000000000000000000000000000000000000000000000000000555500000000000
 000000000000000000000000000000000000000000000000000000000000000000000000000000000000000000000000000000000000000000000000000000000000000000000000000000000000000000055000000000000000
 000000000000000000000000000000000000000000000000000000000000000000000000000000000000000000000000000000000000000000000000000000000000000000000000000000000000000000500000000000000000
 000000000000000000000000000000000000000000000000000000000000000000000000000000000000000000000000000000000000000000000000000000000000000000000000000000000000000000500000000000000000
 000000000000000000000000000000000000000000000000000000000000000000000000000000000000000000000000000000000000000000000000000000000000000000000000000000000000000000050000000000000000
 000000000000000000000000000000000000000000000000000000000000000000000000000000000000000000000000000000000000000000000000000000000000000000000000000000000000000000005555555555555555
 000000000000000000000000000000000000000000000000000000000000000000000000000000000000000000000000000000000000000000000000000000000000000000000000000000000000000000000000000000000000
 000000000000000000000000000000000000000000000000000000000000000000000000000000000000000000000000000000000000000000000000000000000000000000000000000000000000000000000000000000000000
 000000000000000000000000000000000000000000000000000000000000000000000000000000000000000000000000000000000000000000000000000000000000000000000000000000000000000000000000000000000000
 000000000000000000000000000000000000000000000000000000000000000000000000000000000000000000000000000000000000000000000000000000000000000000000000000000000000000000000000000000000000
 000000000000000000000000000000000000000000000000000000000000000000000000000000000000000000000000000000000000000000000000000000000000000000000000000000000000000000000000000000000000
 000000000000000000000000000000000000000000000000000000000000000000000000000000000000000000000000000000000000000000000000000000000000000000000000000000000000000000000000000000000000
 000000000000000000000000000000000000000000000000000000000000000000000000000000000000000000000000000000000000000000000000000000000000000000000000000000000000000000000000000000000000
 000000000000000000000000000000000000000000000000000000000000000000000000000000000000000000000000000000000000000000000000000000000000000000000000000000000000000000000000000000000000
 000000000000000000000000000000000000000000000000000000000000000000000000000000000000000000000000000000000000000000000000000000000000000000000000000000000000000000000000000000000000
 000000000000000000000000000000000000000000000000000000000000000000000000000000000000000000000000000000000000000000000000000000000000000000000000000000000000000000000000000000000000
 000000000000000000000000000000000000000000000000000000000000000000000000000000000000000000000000000000000000000000000000000000000000000000000000000000000000000000000000000000000000
