 000000005500000000000000000000000000000505000000000000000000000000000000000000000000000000000000005500500000500000005005000500000050000000000000000000000000000000000000000000000000
 000000005000000000000000000000000000000005000000000000000000000000000000000000000000000000000000000000550000050000005005555000000055550000000000000000000000000000000000000000000000
 000000005550000000000000000000000000000050000000000000000000000000000000000000000000000000000000000055055500050000050055550000000005050055500000000000000000000000000000000000000000
 000000000050000000000000000000000000000500000000000000000000000000000000000000000000000000000000000005005555055555550055050000505505055500055555000000000000000000000000000000000000
 000000000055050000000000000000000000000500000000000000000000000000000000000000000000000000000000000000500500000000550005555000500050555500000005500000055000000000000000000000000000
 000000000005500000000000000000000005005500000000000000000000000000000000000000000000000000000000000000550500000000000005055000000000000055000000050000550000000000000000000000000000
 000000000000500000000000000000000000005000000000000000000000000000000000000000000000000000000000000000005555000000000000000000000000055005500000055555500000000000000000000000000000
 000000000000500000000000000000000000005500000000000000000000000000000000000000000000000000000000000000000555505550000000000000000000050000500005505000000000500000000000000000000000
 000000000000500000000000000000000000005000000000000000000000000000000000000000000000000000000000000000000005555555550555500050000050000005555055055500000000055000000000000000000000
 000000000000550000000000000000000000005000000000000000000000000000000000000000000000000000000000000000000000000000055505550555500000000000005550005550000000000050000000000000000000
 000000000000050000000000000000000000005500000000000000000000000000000000000000000000000000000000000000000000000000000055000550000000000000000000000555500000000500000000000000000000
 000000000000050000000000000000000000000500000000000000000000000000000000000000000000000000000000000000000000000000000000000000000050000000000550000000000000000000000000000000000000
 000000000000050000000000000000000000000500000000500000000000000000000000000000000000000000000000000000000000000000000000000000000555555550000550000000000000000000000000000000000000
 000000000000500000000000000000000000000500000000550000000000000000000000000000000000000000000000000000000000000000000000000000000050000500000550000000000000000000000000000000000000
 000000000000500000000000000000000000000550000005050000000000000000000000000000000000000000000000000000000000000000000000000005550500000550000555000000000000000000000000000000000000
 000000000005000000000000000000000000000550000055050000000000000000000000000000000000000000000000000000000000000000000000000055055500000500000505500000000000000000000050000000000000
 000000000005000000000000000000000000000500005550050000000000000000000000000000000000000000000000000000000000000000000000000550000000000550000500550000000000000000000000000000000000
 000000000005000000000000000000000000555000055050550000000000000000000000000000000000000000000000000000000000000000000000055500000000000005505000050000000000000000000000000000000050
 000000000005000000000000000000000005500000055000550000000000000000000000000000000000000000000000000000000000000000000000050005000000000000055000050000000000000000000000000000000550
 000000000005500000000000000000000055000000055500500000000000000000000000000000000000000000000000000000000000000000000000050000000000000000000000055500000000000000000000000000000000
 000000000000500000000000000000000500000000055005500000000500000000000000000000000000000000000000000000000000000000000055500000000000000000000000000550000000000000055000000000000000
 000000000000050000000000000000000050000000050505000000000000000000000000000000000000000000000000000000000000000000055550000000000000000000000000000050000000000000005550000000000000
 000000000000055000000000000000000050000000050055000000000000000000000000000000000000000000000000000000000000000005500000000000000000000000000000000050000000000000000550000000000000
 000000000000000000000000000000000000000000050005000000000000000000000000000000000000000000000000000000000000000005505000000000000000000000000000000005500000000000000000000000000000
 000000000000005000000000000000000550000000055050000000000000000000000000000000000000000000000000000000000000000005000000000000000000000000000000000000550000000000000000000000000000
 000000000000000000000000000000005050000000055550000000000000000000000000000000000000000000000000000000000000000005050000000000000000000000000000000000055000000000000000000000000000
 000000000000005000000000000000005000000000000000000000000000000000000000000000000000000000000000000000000000000005000000000000000000000000000000000000005000000000000000000000000000
 000000000000005000000000000000005000000000000000000000000000000000000000000000000000000000000000000000000000000005500000000000000000000000000000000000005000000000000000000000000000
 000000000000000550000000000000050000000000000000000000000000000000000000000000000000000000000000000000000000000000000000000000000000000000000000000000005000000000000000000000000000
 000000000000000050000000000000550000000000000000000000000000000000000000000000000000000000000000000000000000000000500000000000000000000000000000000000005000000000000000000000000000
 000000000000000050000000000000500000000000000000000000000000000000000000000000000000000000000000000000000000000000550000000000000000000000000000000000005000000000000000000000000000
 000000000000000005000000000055000000000000000000000000000000000000000000000000000000000000000000000000000000000000550000000000005550000000000000000000005000000000000000000000000000
 000000000000000005050000000050000000000000000000000000000000000000000000000000000000000000000000000000000000000000055000000055555005550000000000000000055000000000000000000000000000
 000000000000000005500000005500000000000000000000000000000000000000000000000000000000000000000000000000000000000000000000000550000000055055000000000000550000000000000000000000000000
 000000000000000000505550550000000000000000000000000000000000000000000000000000000000000000000000000000000000000000555055555500000000005555000000000000500000000000000000000000000000
 000000000000000000000000000000000000000000000000000000000000000000000000000000000000000000000000000000000000000000005500000000000000000505550000000005500000000000000000000055000000
 000000000000000000000000000000000000000000000000000000000000000000000000000000000000000000000000000000000000000000000000000000000000000005550000000505000000000000000000000005500000
 000000000000000000000000000000000000000000000000000000000000000000000000000000000000000000000000000000000000000000000000000000000000000000050500000555000000000000000000000000555000
 000000000000000000000000000000000000000000000000000000000000000000000000000000000000000000000000000000000000000000000000000000000000000000055555555555000000000000000000000000555500
 000000000000000000000000000000000000000000000000000000000000000000000000000000000000000000000000000000000000000000000000000000000000000000000000055000000000000000000000000005555500
 000000000000000000000000000000000000000000000000000000000000000000000000000000000000000000000000000000000000000000000000000000000000000000000000000500000000000000000000000000555000
 000000000000000000000000000000000000000000000000000000000000000000000000000000000000000000000000000000000000000000000000000000000000000000000000055500000000000000000000000555550000
 000000000000000000000000000000000000000000000000000000000000000000000000000000000000000000000000000000000000000000000000000000000000000000000000055500000000000000000000005555000000
 000000000000000000000000000000000000000000000000000000000000000000000000000000000000000000000000000000000000000000000000000000000000000000000000055500000000000000000000055050000000
 000000000000000000000000000000000000000000000000000000000000000000000000000000000000000000000000000000000000000000000000000000000000000000000000000000000000000000000005555500000000
 000000000000000000000000000000000000000000000000000000000000000000000000000000000000000000000000000000000000000000000000000000000000000000000000000000000000000000000055005000000000
 000000000000000000000000000000000000000000000000000000000000000000000000000000000000000000000000000000000000000000000000000000000000000000000000000000000000000000000050550000000000
 000000000000000000000000000000000000000000000000000000000000000000000000000000000000000000000000000000000000000000000000000000000000000000000000000000000000000000000005000000000000
 000000000000000000000000000000000000000000000000000000000000000000000000000000000000000000000000000000000000000000000000000000000000000000000000000000000000000000000000000000000000
 000000000000000000000000000000000000000000000000000000000000000000000000000000000000000000000000000000000000000000000000000000000000000000000000000000000000000000000000000000000000
 000000000000000000000000000000000000000000000000000000000000000000000000000000000000000000000000000000000000000000000000000000000000000000000000000000000000000000000000000000000000
 000000000000000000000000000000000000000000000000000000000000000000000000000000000000000000000000000000000000000000000000000000000000000000000000000000000000000000000000000000000000
 000000000000000000000000000000000000000000000000000000000000000000000000000000000000000000000000000000000000000000000000000000000000000000000000000000000000000000000000000000000000
 000000000000000000000000000000000000000000000000000000000000000000000000000000000000000000000000000000000000000000000000000000000000000000000000000000000000000000000000000000000000
 000000000000000000000000000000000000000000000000000000000000000000000000000000000000000000000000000000000000000000000000000000000000000000000000000000000000000000000000000000000000
 000000000000000000000000000000000000000000000000000000000000000000000000000000000000000000000000000000000000000000000000000000000000000000000000000000000000000000000000000000000000
 000000000000000000000000000000000000000000000000000000000000000000000000000000000000000000000000000000000000000000000000000000000000000000000000000000000000000000000000000000000000
 000000000000000000000000000000000000000000000000000000000000000000000000000000000000000000000000000000000000000000000000000000000000000000000000000000000000000000000000000000000000
 000000000000000000000000000000000000000000000000000000000000000000000000000000000000000000000000000000000000000000000000000000000000000000000000000000000000000000000000000000000000
 000000000000000000000000000000000000000000000000000000000000000000000000000000000000000000000000000000000000000000000000000000000000000000000000000000000000000000000000000000000000
 000000000000000000000000000000000000000000000000000000000000000000000000000000000000000000000000000000000000000000000000000000000000000000000000000000000000000000000000000000000000
 000000000000000000000000000000000000000000000000000000000000000000000000000000000000000000000000000000000000000000000000000000000000000000000000000000000000000000000000000000000000
 000000000000000000000000000000000000000000000000000000000000000000000000000000000000000000000000000000000000000000000000000000000000000000000000000000000000000000000000000000000000
 000000000000000000000000000000000000000000000000000000000000000000000000000000000000000000000000000000000000000000000000000000000000000000000000000000000000000000000000000000000000
 000000000000000000000000000000000000000000000000000000000000000000000000000000000000000000000000000000000000000000000000000000000000000000000000000000000000000000000000000000000000
 000000000000000000000000000000000000000000000000000000000000000000000000000000000000000000000000000000000000000000000000000000000000000000000000000000000000000000000000000000000000
 000000000000000000000000000000000000000000000000000111110000000000000000000000000000000000000000111111111110000111100000000001100011111111000000000000000000000000000000000000000000
 000000000000000000000000000000000000000000000001111000001111111110000000000000000001111111111111000000000001111000011111111110011100000000111111110000000000000000000000000000000000
 000000000000000000000000000000000000000001111110000000000000000001111100000000111110000000000000000000000000000000000000000000000000000000000000001111100000000000000000000000000000
 000000000000000000000000000000011111100110000000000000000000000000000100000011000000000000000000000000000000000000000000000000000000000000000000000000011111111000000000000000000000
 000001111111111111110000001111100000011000000000000000000000000000000100111100000000000000000000000000000000000000000000000000000000000000000000000000000000000111101000000000000000
 111110000000000000001111110000000000000000000000000000000000000000001001000000000000000000000000000000000000000000000000000000000000000000000000000000000000000000010111110000000000
 000000000000000000000000000000000000000000000000000000000000000000000110000000000000000000000000000000000000000000000000000000000000000000000000000000000000000000000000010000000000
 000000000000000000000000000000000000000000000000000000000000000000000000000000000000000000000000000000000000000000000000000000000000000000000000000000000000000000000111100000000000
 000000000000000000000000000000000000000000000000000000000000000000000000000000000000000000000000000000000000000000000000000000000000000000000000000000000000000000011000000000000000
 000000000000000000000000000000000000000000000000000000000000000000000000000000000000000000000000000000000000000000000000000000000000000000000000000000000000000000100000000000000000
 000000000000000000000000000000000000000000000000000000000000000000000000000000000000000000000000000000000000000000000000000000000000000000000000000000000000000000100000000000000000
 000000000000000000000000000000000000000000000000000000000000000000000000000000000000000000000000000000000000000000000000000000000000000000000000000000000000000000010000000000000000
 000000000000000000000000000000000000000000000000000000000000000000000000000000000000000000000000000000000000000000000000000000000000000000000000000000000000000000001111111111111111
 000000000000000000000000000000000000000000000000000000000000000000000000000000000000000000000000000000000000000000000000000000000000000000000000000000000000000000000000000000000000
 000000000000000000000000000000000000000000000000000000000000000000000000000000000000000000000000000000000000000000000000000000000000000000000000000000000000000000000000000000000000
 000000000000000000000000000000000000000000000000000000000000000000000000000000000000000000000000000000000000000000000000000000000000000000000000000000000000000000000000000000000000
 000000000000000000000000000000000000000000000000000000000000000000000000000000000000000000000000000000000000000000000000000000000000000000000000000000000000000000000000000000000000
 000000000000000000000000000000000000000000000000000000000000000000000000000000000000000000000000000000000000000000000000000000000000000000000000000000000000000000000000000000000000
 000000000000000000000000000000000000000000000000000000000000000000000000000000000000000000000000000000000000000000000000000000000000000000000000000000000000000000000000000000000000
 000000000000000000000000000000000000000000000000000000000000000000000000000000000000000000000000000000000000000000000000000000000000000000000000000000000000000000000000000000000000
 000000000000000000000000000000000000000000000000000000000000000000000000000000000000000000000000000000000000000000000000000000000000000000000000000000000000000000000000000000000000
 000000000000000000000000000000000000000000000000000000000000000000000000000000000000000000000000000000000000000000000000000000000000000000000000000000000000000000000000000000000000
 000000000000000000000000000000000000000000000000000000000000000000000000000000000000000000000000000000000000000000000000000000000000000000000000000000000000000000000000000000000000
 000000000000000000000000000000000000000000000000000000000000000000000000000000000000000000000000000000000000000000000000000000000000000000000000000000000000000000000000000000000000
