 000000000000000000000000000000000000000000000000000000000000000000000000000000000000000000000000000000000000000000000000000000000000000000000000000000000000000000000000000000000000
 000000000000000000000000000000000000000000000000000000000000000000000000000000000000000000000000000000000000000000000000000000000000000000000000000000000000000000000000000000000000
 000000000000000000000000000000000000000000000000000000000000000000000000000000000000000000000000000000000000000000000000000000000000000000000000000000000000000000000000000000000000
 000000000000000000000000000000000000000000000000000000000000000000000000000000000000000000000000000000000000000000000000000000000000000000000000000000000000000000000000000000000000
 000000000000000000000000000000000000000000000000000000000000000000000000000000000000000000000000000000000000000000000000000000000000000000000000000000000000000000000000000000000000
 000000000000000000000000000000000000000000000000000000000000000000000000000000000000000000000000000000000000000000000000000000000000000000000000000000000000000000000000000000000000
 000000000000000000000000000000000000000000000000000000000000000000000000000000000000000000000000000000000000000000000000000000000000000000000000000000000000000000000000000000000000
 000000000000000000000000000000000000000000000000000000000000000000000000000000000000000000000000055555505555555555550000000000000000000000000000000000000000000000000000000000000000
 000000000000000000000000000000000000000000000000000000000000000000000000000000000000000055555500500000000050000500055500000000000000000000000000000000000000000000000000000000000000
 000000000000000000000000000000000000000000000000000000000000000000000000000000000000555555555555000055050050005555500000000000000000000000000000000000000000550000000000000000000000
 000000000000000000000000000000000000000000000000000000000000000000000000000000000005055005555500555000005555550000000000000000000000000000000000000000000000055000000000000000000000
 000000000000000000000000000000000000000000000000000000000000000000000000005555550550055005055055550000005000555500000000000000000000000000000000000000000000000000000000000000000000
 000000000000000000000000000000000000000000000000000000000000000000000000000055555505500555555505005050050000550050000000000000000000000000000000000000000000055555000000000000000000
 000000000000000000000000000000000000000000000000000000000055555500000050000000000055550555555505555055000000050050000000000000000000000000000000000000000000005555000000000000000000
 000000000000000000000000000000000000000000000000000000000555555555550555550055555500555555000055505000000000000000000000000000000000000000000000000000000000000500000000000000000000
 000000000000000000000000000000000000000000000000000000000000005555555555550000055505550555555555555500000000000000000000000000000000000000000000000000000000000500000000000000000000
 000000000000000000000000000000000000000000000000000000055555555500000000000000555550555550055550550000000000000000000000000500000000000000000000000000000000055000000000000000000000
 000000000000000000000000000000000000000000000000000000555000555555550555550005500555555550555555055055500000000000000000000550000000000000000000000000000050050000000000000000000000
 000000000000000000000000000000000000000000000000000000555555550005055055005000555550550005500550005505055000000000000000000055000000000000000000000000000055500000000000000000000000
 550000000000000000055555555000050000000000000000000000005500050505000000005500005505555000550000000550000555555000000000000005055000000000000000000000050500550000000000000000000000
 000000000000000055550000000555550555550050000005555550505550055555000000550055500505555500055555055505550000055550000000000055055000000000000000000000005550500000000000000000000000
 500000000000055550000000000000000000005055550555550000550005555555555555555555005555050055550055050000555500005550000000000005555000000000000000000000000000000000000000000000000000
 055500000000055505000000000000000000000000000000000000000000000055555555555555555555550005055550050000555555005555500000000000500000000000000000000005000000000000000000000000000000
 000055550000000505050000000000000000000000000000000000000000000000500055500000000555500000055505550000550055000050055500000005500000000000000000000000000000000000000000000000000000
 555000555505555555500000000000000000000000000000000000000000000000000000000000000000000005505555000000000550000555555500000000505000000000000550500000000005550555055500000000000000
 000555500000505555500000000000000000000000000000000000000000000000000000000000000000000005055555550005555500000555550000000000050000000000000000000000000000555505005500000000000000
 000000500000000000000000000000000000000000000000000000000000000000000000000000000000000055555505555000500055005505500000000000055000000000000000000000000000055505005000000000000000
 000000000500000550000000000005000000000000000000000000000000000000000000000000000000505550000050550005000005555555500000000000000000000000500000000000000000000000000000000000000000
 000000000000055000000000000055000000000000000000000000000000000000000000000000000000000000000000000000000000000000000000000000000000000000000000000000000000000000000000000000000000
 000000000000055005000000000555555505000000000000000000000000000000000000000000000000550000000000000005500005550000000000000000000000055000000000000000000000000000000000000000000000
 000000000000555550000000505555050005555555005000000000000000000000000000000000000000500000000000000000500000550000550000000000000000005500000000000000000000000000000000000000000050
 000000000000000005555550050550000000000055555050000000000000000000000000000000000000550000000000000005500000055505555000000000000000000000000000000000000000000000000000000000005000
 000000000000000000000050055000000000000000055550000000000000000000000000000000000000005500000000000000500000005550005500000000000000000000000000000000000000000000000000000055555500
 000000000000000000005550055000000000000000055555550000000000000000000000000000000000000555505000000000050000000000000500000000000000000000000000000000000000000000000000000005005500
 000000000000000005555000000000000000000000000055500000000000000000000000000000000000000000055550000050050000000000000050000000000000000000000000000000000000000000000000000005005500
 000000000000000505000000000000000000000000000055550000000000000000000000000000000000000000000555550055000000000000000005550000000000000000000000000000000000000000000000005555555555
 000000000000500000000000000000000000000000000055050000000000000000000000000000000000000000000005550055050000000000000005555000000000000000000000000000000000000000000000055005005055
 000000000000000000000000000000000000000000000005055550000000000000000000000000000000000000000000055055000000000000000005505500000000000000000000000000000000000000000000005505055555
 000000000000000000000000000000000000000000000000000550000000000000000000000000000000000000000000000555000000000000000000055500000000000000000000000000000000000000000000055550555555
 000000000000000000000000000000000000000000000000000550500000000000000000000000000000000000000000000550000000000005000055505500000000000000000000000000000000000000000000000000055555
 000000000000000000000000000000000000000000000000000555550000000000000000000000000000000000000000000005000000000555555550055500000000000000000000000000000000000000000000000000550005
 000000000000000000000000000000000000000000000000000005555500000000000000000000000000000000000000000000000000050555555500050055000000000000000000000000000000000000000000000000055555
 000000000000000000000000000000000000000000000000000000055500000000000000000000000000000000000000000000000000000000500000555555500000000000000000000000000000000000000000000000055500
 000000000000000000000000000000000000000000000000000000055500000000000000000000000000000000000000000000000005000000500050000055500000000000000000000000000000000000000000000000000550
 000000000000000000000000000000000000000000000000000000055000000000000000000000000000000000000000000000000500000005555555000000000000000000000000000000000000000000000000000000000050
 000000000000000000000000000000000000000000000000000000000000000000000000000000000000000000000000000000000000055555555500000000000000000000000000000000000000000000000000000000000055
 000000000000000000000000000000000000000000000000000000055000000000000000000000000000000000000000000000000000550005500000000000000000000000000000000000000000000000000000000500000050
 000000000000000000000000000000000000000000000000000000050000000000000000000000000000000000000000000000000050500000000000000000000000000000000000000000000000000000000000005555555550
 000000000000000000000000000000000000000000000000000000055000000000000000000000000000000000000000000000000505500000000000000000000000000000000000000000000000000000000000005500000000
 000000000000000000000000000000000000000000000000000000050000000000000000000000000000000000000000000000000555000000000000000000000000000000000000000000000000000000000000005500000000
 000000000000000000000000000000000000000000000000000000050000000000000000000000000000000000000000000000055500000000000000000000000000000000000000000000000000000000000000005000000055
 000000000000000000000000000000000000000000000000000000055000000000000000000000000000000000000000000000555000000000000000000000000000000000000000000000000000000000000000005500000055
 000000000000000000000000000000000000000000000000000000000550000000000000000000000000000000000000000000555000000000000000000000000000000000000000000000000000000000000000005550050050
 000000000000000000000000000000000000000000000000000000000500000000000000000000000000000000000000000000550000000000000000000000000000000000000000000000000000000000000000005555555500
 000000000000000000000000000000000000000000000000000000000550000000000000000000000000000000000000000500550000000000000000000000000000000000000000000000000000000000000000000005000055
 000000000000000000000000000000000000000000000000000000000050000000000000000000000000000000000000000055500000000000000000000000000000000000000000000000000000000000000000000005555550
 000000000000000000000000000000000000000000000000000000000000555000000000000000000000000000000000000555000000000000000000000000000000000000000000000000000000000000000000000055000000
 000000000000000000000000000000000000000000000000000000000000005000000000000000000000000000000000005550000000000000000000000000000000000000000000000000000000000000000000005500500000
 000000000000000000000000000000000000000000000000000000000000005505000000000000000000000000050000005000000000000000000000000000000000000000000000000000000000000000000000005000000000
 000000000000000000000000000000000000000000000000000000000000000550500000000000000000055500555500050000000000000000000000000000000000000000000000000000000000000000000000050000000000
 000000000000000000000000000000000000000000000000000000000000000555550000000000000500555505500555555000000000000000000000000000000000000000000000000000000000000000000000055000000000
 000000000000000000000000000000000000000000000000000000000000000055550000000000000055500055000000505000000000000000000000000000000000000000000000000000000000000000000000550000000000
 000000000000000000000000000000000000000000000000000000000000000005505500000000000550000000000000555000000000000000000000000000000000000000000000000000000000000000000055500000000000
 000000000000000000000000000000000000000000000000000000000000000005550550000000000500000000000000055500000000000000000000000000000000000000000000000000000000000000000050000000000000
 000000000000000000000000000000000000000000000000000000000000000000055055000000000050000000000000055500000000000000000000000000000000000000000000000000000000000000000500000000000000
 000000000000000000000000000000000000000000000000000000000000000000055005550000000000000000000000000000000000000000000000000000000000000000000000000000000000000000000000000000000000
 000000000000000000000000000000000000000000000000000000000000000000005500550000000000000000000000000000000000000000000000000000000000000000000000000000000000000000000000000000000000
 000000000000000000005000000000000000000000000000000000000000000000000500055000000500000000000000555500000000000000000000000000000000000000000000000000000000000000050000000000000000
 000000000000000000000500000000000000000000000000000000000000000000000000005000000000000000000000000000000000000000000000000000000000000000000000000000000000000000000000000000000000
 000000000000000000000005000000000000000000000000000000000000000000000000005000000550000005555000000005555500000000000000000000000000000000000000000000000000000000500000000000000000
 000000000000000000000000500000000000000000000000000000000000000000000000005000000055000005055000000000555055555000000000000000000000000000000000000000000000000000050000000000000000
 000000000000000000000005500000000000000000000000000000000000000000000000005550000005500550050000000000550050555055000000000000000000000000000000000000000000000000050000000000000000
 000000000000000000000000000000000000000000000000000000000000000000000000000055500000555500050000000005500555555055000000000000000000000000000000000000000000000000050000000000000000
 000000000000000000000000000000000000000000000000000000000000000000000000000000555550500000050000000000000000000000000000000000000000000000000000000000000000000000050000000000000000
 000000000000000000000000000000000000000000000000000000000000000000000000000000000555555000000000000000000000000000000000000000000000000000000000000000000000000000000000000000000000
 000000000000000000000000000000000000000000000000000000000000000000000000000000000000005500000000000000000000000000000000000000000000000000000000000000000000000000000000000000000000
 000000000000000000000000000000000000000000000000000000000000000000000000000000000000000055050055500000000000000000000000000000000000000000000000000000000000000000550050000000000000
 000000000000000000000000000000000000000000000000000000000000000000000000000000000000000000555000000000000000000000000000000000000000000000000000000000000000000000000000000000000000
 000000000000000000000000000000000000000000000000000000000000000000000000000000000000000000005500000000000000000000000000000000000000000000000000000000000000000000000000000000000000
 000000000000000000000000000000000000000000000000000000000000000000000000000000000000000000000505000000005555555505005050000000000000000000000000000000000000000000005500000000000000
 000000000000000000000000000000000000000000000000000000000000000000000000000000000000000000000555500005005000000555555550000000000000000000000000000000000000000000000500000000000000
 000000000000000000000000000000000000000000000000000000000000000000000000000000000000000000000005555555055000000000000050000000000000000000000000000000000000000000000050000000000000
 000000000000000000000000000000000000000000000000000000000000000000000000000000000000000000000000555505500000000000000005500000000000000000000000000000000000000000000055005000000000
 000000000000000000000000000000000000000000000000000000000000000000000000000000000000000000000000005000500000000000000000550000000000000000000000000000000000000000000005550000000000
 000000000000000000000000000000000000000000000000000000000000000000000000000000000000000000000000000000500000000000000000005555000000000000000000000000000000000000000000055050055555
 000000000000000000000000000000000000000000000000000000000000000000000000000000000000000000000000000000500000000000000000000000550000000000000000000000000000000000000000005055555550
 000000000000000000000000000000000000000000000000000000000000000000000000000000000000000000000000000000500000000000000000000000555000000000000000000000000000000000000000000000000000
 000000000000000000000000000000000000000000000000000000000000000000000000000000000000000000000000000005500000000000000000000000005000000000000000000000000000000000000000000000000000
 000000000000000000000000000000000000000000000000000000000000000000000000000000000000000000000000000055500000000000000000000000005500000000000000000000000000000000000000000000000000
 000000000000000000000000000000000000000000000000000000000000000000000000000000000000000000000000000555000000000000000000000000005500000000000000000000000000000000000000000000000000
