 000000000000000000000000000000000000000000000000000000000000000000000000000000000000000000000000000000000000000000000000000000000000000000000000000000000000000000000000000000000000
 000000000000000000000000000000000000000000000000000000000000000000000000000000000000000000000000000000000000000000000000000000000000000000000000000000000000000000000000000000000000
 000000000000000000000000000000000000000000000000000000000000000000000000000000000000000000000000000000000000000000000000000000000000000000000000000000000000000000000000000000000000
 000000000000000000000000000000000000000000000000000000000000000000000000000000000000000000000000000000000000000000000000000000000000000000000000000000000000000000000000000000000000
 000000000000000000000000000000000000000000000000000000000000000000000000000000000000000000000000000000000000000000000000000000000000000000000000000000000000000000000000000000000000
 000000000000000000000000000000000000000000000000000000000000000000000000000000000000000000000000000000000000000000000000000000000000000000000000000000000000000000000000000000000000
 000000000000000000000000000000000000000000000000000000000000000000000000000000000000000000000000000000000000000000000000000000000000000000000000000000000000000000000000000000000000
 000000000000000000000000000000000000000000000000000000000000000000000000000000000000000000000000000000000000000000000000000000000000000000000000000000000000000000000000000000000000
 000000000000000000000000000000000000000000000000000000000000000000000000000000000000000000000000000000000000000000000000000000000000000000000000000000000000000000000000000000000000
 000000000000000000000000000000000000000000000000050000000000000500000000000000000000000000000050500000000000000000000000000000000000000000000000000000000000000000000000000000000000
 000000000000550505550055000000000000000000000000000000000000000000000000000000000000000000055555500000000000000000000000000000000000000000000000000000000000000000000000000000000000
 000000000055000000005000000000000000000000000000000000000000000000000000000000000000000000000000550055555000000000000000000000000000000000000000000000000000000000000000000000000000
 000000000000055055005550000000000000000000000000000000000000000000000000000000000000000000000000000555550000000000000000000000000000000000000000000000000000000000000000000000000000
 000000000000005550000050000000000000000000000000000000000000000000055000000000000000000000000000000055550555555000000000000000000000000000000000000000000000000000000000000000000000
 000000000000000000000000000000000000000000000000000000000000000000550000000000000000000000055555555550000055005555000000000000000000000055555555000000000000000000000000000000000000
 000000000000000000000000000000000000000000000000000000055055000000000000000000000000055050000000000000000000005550000000000000000000000055555555005555000000000000000000000000000000
 000000000000000000000000000000000000000000000000000005555500000000000000000000000005555000000000000000000555555555050000000550000000000000000000000000000000000000000000000000000000
 000000000000000000000000000000000000000000000000000055555000000000005555005000505555000000000000000000000000550005550555005555550000000000005550000000000000000000000000000000000000
 000000000000000000000000000000000000000000000000000550500000000000055005555555555500000000000000000000000000000000000000000000055000500500055555555555000000000000000000000000000000
 000000000000000000000005555555000000000000000000000005555000000000500005555550000005000000000000000000000000000000000000000000005555555555500000000005555055555000000000000000000000
 000000000000000000555555050505555000000000000000000000000005055000550005050000000000000000000000000000000000000000000000000000000000500000000000000000000050000505050005505555550005
 000000000000000555500000000005005555505000000000000055000550500550555005555000000000000000000000000000000000000000000000000000000000000000000000000000000000000555005550555000505555
 000000000000005050000005000000000000055555055500555555555005000000055000505000500000000000000000000000000000000000000000000000000000000000000000000000000000000000000000000000000005
 000000000000055500000000000000000555500550055555500000000000000000005555555000000000000000000000000000000000000000000000000000000000000000000000000000000000000000000000000000000000
 000000000000555000000555550000000550555555555500000000000000000000000055500000000000000000000000000000000000000000000000000000000000000000000000000000000000000000000000000000000000
 000000000055000000005000550000000555555555050000000000000000000000000000000000000000000000000000000000000000000000000000000000000000000000000000000000000000000000000000000000000555
 000000000550000505555555000000000005555000000000000000000000000000000000000000000000000000000000000000000000000000000000000000000000000000000000000000000000000000000000000000000555
 000000555500000055505550000000000000000000000000000000000000000000000000000000000000000000000000000000000000000000000000000000000000000000000000000000000000000000550000000000005550
 000000000000000000000000000000000000000000000000000000000000000000000000000000000000000000000000000000000000000000000000000000000000000000000000000000000000555505550000000055550000
 000050000000000055000500055500050000000000000000000000000000000000000000000000000000000000000000000000000000000000000000000000000000000000000000000000000055000555550055555550000000
 000055000505000055500055555550000000000000000000000000000000000000000000000000000000000000000000000000000000000000000000000000000000000000000055550555500550000055555550050000000000
 000005055550000055000055555500000000000000000000000000000000000000000000000000000000000000000000000000000000000000000000000000000000000000000550055000055550000555550000000000000000
 000000550005500550000500500000000000000000000000000000000000000000000000000000000000000000000000000000000000000000000000000000000000000000055000000000000000555005500000000000000000
 000000055505550500005555505000000000000000000000000000000000000000000000000000000000000000000000000000000000000000000000000000000000000005500000000000000005500000500000000000000000
 000000055555555500005000000000000000000000000000000000000000000000000000000000000000000000000000000000000000000000000000000000000000000555000000000000000005000005500000000000000000
 000000005505000005505500000000000000000000000000000000000000000000000000000000000000000000000000000000000000000000000000000000000000005505000000000000000005000555000000000000000000
 000000055555555550550000000000000000000000000000000000000000000000000000000000000000000000000000000000000000000000000000000000000000005555550050000000000005005500000000000000000000
 500055550500000000000000000000000000000000000000000000000000000000000000000000000000000000000000000000000000000000000000000000000000000005005550000000000005055500000000000000000000
 550055000000000000000000000000000000000000000000000000000000000000000000000000000000000000000000000000000000000000000000000000000000000000005550000000000000550000000000000000000000
 555500000000000000000000000000000000000000000000000000000000000000000000000000000000000000000000000000000000000000000000000000000000000000055555000000000000500000000000000000000000
 550000000000000000000000000000000000000000000000000000000000000000000000000000000000000000000000000000000000000000000000000000000000000000050505000000000000000000000000000000000000
 000000000000000000000000000000000000000000000000000000000000000000000000000000000000000000000000000000000000000000000000000000000000000000050555000000000000000000000000000000000000
 000000000000000000000000000000000005000500000000000000000000000000000000000000000000000000000000000000000000000000000000000000000000000000550500000000000000000000000000000000000000
 000000000000000000000000000000550055550000000000000000000000000000000000000000000000000000000000000000000000000000000000000000000000000000500550000000000000000000000000000000000000
 050000000005500000000000000055005050050000000000000000000000000000000000000000000000000000000000000000000000000000000000000000000000000055000500000000000000000000000000000000000000
 000000000005055000000000000050005555550000000000000000000000000000000000000000000000000000000000000000000000000000000000000000000000500550000550000000000000000000000000000000000000
 005550550055505550000000000500000000005000000000000000000000000000000000000000000000000000000000000000000000000000000000000000000000005500000555500000000000000000000000000000000000
 005005005555555055550000000500000000000055000000000000000000000000000000000000000000000000000000000000000000000000000000000000000055555000055555500000000000000000000000000000000000
 055000005005555550055000505500005550000005000000000000000000000000000000000000000000000000000000000000000000000000000000050500055500000000055050000000000000000000000000000000000000
 550000005000055555055505555555550055555550000000000000000000000000000000000000000000000000000000000000000000000000000000555000505500000000055000000000000000000000000000000000000000
 005000005000000050055555055050000000000000000000000000000000000000000000000000000000000000000000000000000000000000000555055555555000000000055500000000000000000000000000000000000000
 000000005000000550005050055000000000000000000000000000000000000000000000000000000000000000000000000000000000000000005550050005550000000000055500000000000000000000000000000000000000
 000000000000505500005555005500000000000000000000000000000000000000000000000000000000000000000000000000000000000000005550500055555000000000555000000000000000000000000000000000000000
 505555555500055000000550000555550555000000000000000000000000000000000000000000000000000000000000000000000000000000005055550000555000000055555000000000000000000000000000000000000000
 550000000550000000000000000005000505500000000000000000000000000000000000000000000000000000000000000000000000000000000005000000555000000550550000000000000000000000000000000000000000
 000000000550000000000005500000005505000000000000000000000000000000000000000000000000000000000000000000000000000000000050500000555005555555550000000000000000000000000000000000000000
 000000000550000000000000000000000005000000000000000000000000000000000000000000000000000000000000000000000000000000000005000000000055555500000000000000000000000000000000000000000000
 000000000055500000005500000000000055000000000000000000000000000000000000000000000000000000000000000000000000000000000000500000500555500000000000000000000000000000000000000000000000
 000000000000055000055550500000050050000000000050500000000000000000000000000000000000000000000000000000000000000000000000550000000555000000000000000000000000000000000000000000000000
 000000000000000555050000555055555500000000000000550000000000000000000000000000000000000000000000000000000000000000000000500000000050000000000000000000000000000000000000000000000000
 000000000000000005550000000000000000000000000005555000000000000000000000000000000000000000000000000000000000000000000000550000000000000000000000000000000000000000000000000000000000
 000000000000000000000000000000000000000000000005005000000000000000000000000000000000000000000000000000000000000000000000550000000000000000000000000000000000000000000000000000000000
 000000000000000000000000000000005555000000000005505500000500000000000000000000000000000000000000000000000000000000000000500000000000000000000000000000000000000000000000000000000000
 000000000000000000000000000000000505500000000000550055555000000000000000000000000000000000000000000000000000000000000005000000000000000000000000000000000000000000000000000000000000
 000000000000000000000000000000000500500000000000055000055555000055000000000000000000000005000000000000000000000000000050000000000000000000000000000000000000000000000000000000000000
 000000000000000000000000000000000050050000000000005000550000555550555000000000000000000055000000000000000000000000000550550000000000000000000000000000000000000000000000000000000000
 000000000000000000000000000000000050055000000000000555005500000000055000500000000000000500000000000000000000000000055505550000000000000000000000000000000000000000000000000000000000
 000000000000000000000000000000000055005000000000000000000550000000005500050000000000005000050005000000000000000005550005550000000000000000000000000000000000000000000000000000000000
 000000000000000000000000000000000005505000000000000000000055000000005505550000000000005555550005000000000005550550000000500000000000000000000000000000000000000000000000000000000000
 000000000000000000000000000000000000505500000000000000000550000000000555500000000000005000055000000000000050055000000000000000000000000000000000000000000000000000000000000000000000
 000000000000000000000000000000000000500550000000000000000500000000000000500000000000550000005505000000000500555000000000000000000000000000000000000000000000000000000000000000000000
 000000000000000000000000000000000000500050000000000000055500000000000000500000000005500000000500500000000500550000000000000000000000000000000000000000000000000000000000000000000000
 000000000000000000000000000000000000050005000000000000550000000000000000500000000055000000000055000000000500500000000000550000000000000000000000000000000000000000000000000000000000
 000000000000000000000000000000000000005000500000000055500000000000000000550000005500000000000055500000000050000000000000050000000000000000000000000000000000000000000000000000000000
 000000000000000000000000000000000000005000500000000500000000000000000000055000055000000000000505050000000005000000000000500000000000000000000000000000000000000000000000000000000000
 000000000000000000000000000000000000005550500000555000000000000000000000050000050000000000000000050500000000500000000005550000000000000000000000000000000000000000000000000000000000
 000000000000000000000000000000000000000055550555500000000000000000000000005000050000000000000000050550000000500000000000555500000000000000000000000000000000000000000000000000000000
 000000000000000000000000000000000000000005555500000000000000000000000000005000050000000000005000005555000000500000000000505500000000000000000000000000000000000000000000000000000000
 000000000000000000000000000000000000000000500000005000000000000000000000005500050000000000000000005505550000500000000000050550000000000000000000000000000000000000000000000000000000
 000000000000000000000000000000000000000000550555555000000000000000000000000555050000000000000000005000050055500000000050055550000000000000000000000000000000000000000000000000000000
 000000000000000000000000000000000000000000055500005000000000000000000000000500500000000000000000005500000550000000000050005550000000000000000000000000000000000000000000000000000000
 000000000000000000000000000000000000000000000000055000000000000000000000000005555000000000000000005500005500000000000500005055000000000000000000000000000000000000000000000000000000
 000000000000000000000000000000000000000000000000550000000000000000000000000005055500000000000000005500000000000000000000005555000000000000000000000000000000000000000000000000000000
 055500000000000000000000000000000000000000000000500000000000000000000000000000055500000000000000000550000000000000005000050555000000000000000000000000000000000000000000000000000000
 550050000500000000000000000000000000000000000000500000000000000000000000000000055000000000000000000555550000000000055550000550000000000000000000000000000000000000000000000000000000
 000005555500000000000000000000000000000000000005000000000000000000000000000000000000000000000005550055500000000000550550000000000000000000000000000000000000000000000000000000000000
 000000005550000000000000000000000000000000000055000000000000000000000000000000000000000000000000555055550005000005505500000000000000000000000000000000000000000000000000000000000000
 000000005505000000000000000000000000000000000550000000000000000000000000000000000000000000000000555555500000000550005500000000000000000000000000000000000000000000000000000000000000
 000000000500000000000000000000000000000000005500000000000000000000000000000000000000000000000000005555550000555000000500000000050000000000000000000000000000000000000000000000000000
 000000000550000000000000000000000000000000555000000000000000000000000000000000000000000000000000505005550000505000005555555550055000000000000000000000000000000000000000000000000000
