 000000000500000500050000000055555500000000000000000000000000000000000000000020000000000000000020000200000000000000000000000000000000000000002000200000
 000000000500000500550000000050000000000000000000000000000000000000200000000002000000000000000200000200000000000000000000000000000000000000002000200000
 000000000500000505000000000050000000000000000000000000000000000020000200000002000000000000000200000200000000000000000000000000000000000000020000200000
 000000000500000555000000000050000000000000000000000000000000000000000200000002000000000000000200002000000000000000000000000000000000000000200000200000
 000000000500000000000000000050000000000000000000000000000000000200000200000000000000000000000200000000000000000000000000000000000000000000200002000000
 000000000500000000000000000050000000000000000000000000000000002000000000000020000000000000000200020000000000000000000000000000000000000000200002000000
 000000000500000000000000000050000000000000000000000000000000002000000022000020000000000000000200022000000000000000000000000000000000000000220002000000
 000000000500000000000000000050000000000000000000000000000000002000000002000020000000000000002000000020000000000000000000000000000000000000000002000000
 000000000500000000000000000050000000000000000000000000000000002000000000222220000000000000002000000002000000000000000000000000000000000000200002000000
 000000000500000000000000000050000000000000000000000000000000020000000000000000000000000000002000000002000000000000000000000000000000000020000002000000
 000000000500000000000000000055550000000000000000000000000000020000000000000000000000000000000020000002000000000000000000000000000000002200000002000000
 000000000500000000000000000000000000000000000000000000000000000000000000000000000000000000000020000002000000000000000000000000000000022000000000000222
 000000000500000000000000000000005000000000000000000000000000002000000000000000000000000000000020000020000000000000000000000000000000020000000000202000
 000000000500000000000000000000005000000000000000000000000000000200000000000000000000000000000002222200000000000000000000000000000022220000000000222000
 000000000500000000000000000000005000000000000000000000000000000020000000000000000000000000000000000000000000000000000000000000000200000000000000000000
 000000000500000000000000000000000500000000000000000000000000000020000000000000000000000000000000000000000000000000000000000000002000000000000000000000
 000000000500000000000000000000000500000000000000000000000000000020000000000000000000000000000000000000000000000000000000000000020000000000000000000000
 000000000500000000000000000000000000000000000000000000000000000020000000000000000000000000000000000000000000000000000000000000220000000222000000000000
 000000000500000000000000000000555050000000000000000000000000000000200000000000000000000000000000000000000000000000000000000002200000002002000000000000
 000000000500000000000000000005000500000000000000000000000000000000000000000000000000000000000000000000000000000000000000000002000022220002000000000020
 000000000500000000000000000050000000000000000000000000000000000000022000000000000000000000000000000000000000000000000000000002222220000002000000000200
 000000000500000000000000000000000000000000000000000000000000000000000220000000000000000000000000000000000000000000000000000000000000000000200000002000
 000000000550000000000000000500000000000000000000000000000000000000000022000000000000000000000000000000000000000000000000000000000000000000020000020000
 000000000055000000000000000000000000000000000000000000000000000000000002000000000000000000000000000000000000000000000000000000000000000000002222200000
 000000000005000000000000005000000000000000000000000000000000000000000002000000000000000000000000000000000000000000000000000000000000000000000000000000
 000000000005000000000000050000000000000000000000000000000000000000000020000000000000000000000000000000000000000000000000000000000000000000000000000000
 000000000005000000000000500000000000000000000000000000000000000020000020000000000000000000000000000000000000000000000000000000000000000000000000000000
 000000000005000000000005000000000000000000000000000000000000000020000020000000000000000000000000000000000000000000000000000000000000000000000000000000
 000000000005000000000050000000000000000000000000000000000000000020000220000000000000000000000000000000000000000000000000000000000000000000000000000000
 000000000005000000000500000000000055550000000000000000000000000000000200000000000000000000000000000000000000000000000000000000000000000000000000000000
 000000000005000000005000000000005000000500000000000000000000000000000220000000000000000000000000000000000000000000000000000000000000000000000000000000
 000000000005500000050000000000050000000500000000000000000000000000000020000000000000000000000000000000000000000000000000000000000000000000000000000000
 000000000000500000500000000055500000000000000000000000000000000000000002222000000000000000000000000000000000000000000000000000000000000000000000000000
 000000000000500000500000000500000000005000000000000000000000000000000002000200000000000000000000000000000000000000000000000000000000000000000000000000
 000000000005500000500000005000000000005000000000000000000000000000000002000200000000000000000000000000000000000000000000000000000000000000000000000000
 000000000005000000500000500000000000005000000000000000000000000000000000000220000000000000000000000000000000000000000000000000000000000000000000000000
 000000000005000000555555000000000000005000000000000000000000000000000000000020000000000000000000000000000000000000000000000000000000000000000000000000
 000000000005000000000000000000000000000000000000000000000000000000000000000022200000000000000000000000000000000000000000000000000000000000000000000000
 000000000005000000000000000000000000005000000000000000000000000000000000000000020000000000000000000000000000000000000000000000000000000000000000000000
 000000000005000000000000000000000000005000000000000000000000000000000000000000002000000000000000000000000000000000000000000000000000000000000000000000
 000000000005000000000000000000000000000000000000000000000000000000000000000000000200000000000000000000000000000000000000000000000000000000000000000000
 000000000005000000000000000000000000050000000000000000000000000000005055000000000020000000000000000000000000000000000000000000000000000000000000000000
 000000000005000000000000000000000000050000000000000000000000000000005000555550000022000000000000000000000000000000000000000000000000000000000000000000
 000000000005000000000000000000000000500000000000000000000000000000550000000050000000200000000000000000000000000000000000000000000000000000000000000000
 000000000005000000000000000000000005000000000000000000000000000000500000000000000000222000000000000000000000000000000000000000000000000000000000000000
 000000000005000000000000000000000005000000000000000000000000000005000000000005000000002200000000000000000000000000000000000000000000000000000000000000
 000000000005000000000000000000000000000000000000000000000000000050000000000000500000000200000000000000000000000000000000000000000000000000000000000000
 000000000005000000000000000000000050000000000000000000000000000500000000000000500000000020000000000000000000000000000000000000000000000000000000000000
 000000000005000000000000000055550050000000000000000000000000005500000000000000500000000020000000000000000000000000000000000000000000000000000000000000
 000000000005000000000000000500000000000000000000000000000000005000000000000000550000000020000000000000000000000000000000000000000000000000000000000000
 000000000005000000000000005500000000000000000000000000000000005000000000000000055000000000000000000000000000000000000000000000000000000000000000000000
 000000000005000000000000050000000000000000000000000000000000005000000000000000005500000000000000000000000000000000000000000000000000000000000000000000
 000000000005000000000000550000000000000000000000000000000000005000000000000000000050000222000000000000000000000000000000000000000000000000000000000000
 000000000005500000000005000000000000000000000000000000000000005000000000000000000000000000222220222200000000000000000000000000000000000000000000000000
 000000000000550000000005000000000000000000000000000000000000005000000000000000000005000000000002000200000000000000002220000000000000000000000000000000
 000000000000050000000050000000000000000000000000000000000000555000000000000000000050000000000002000002000000000000022022000000000000000000000000000000
 000000000000050000000050000000000000000000000000000555550555000000000000000000000050000000000002000002000000000000020002000000000000000000000000000000
 000000000000050000000000000000000000000000000000000500055500000000000000000000000550000000000002000002000000000000020002000000000000000000000000000000
 000000000000050000000500000000000000000000000000005500000000000000000000000000000500000000000002000000222220000000000002000000000000000000000000000000
 000000000000050000000500000000000000000000000000005000000000000000000000000000005000000000000002000000200020000000020002000000000000000000000000000000
 000000000000050000000500000000000005000000000000050000000000000000000000000000005000000000000002200000000020000000020002000000000000000000000000000000
 000000000000050000000500000000000005050000000005500000000000000000000000000000005000000000000000000000000020000000220002000000000000000000000000000000
 000000000000050000000500000000000000000000000055000000000000000000000000000000005000000000000000000000000020000000200002000000000000000000000000000000
 000000000000050000000500000000000500000000005550000000000000000000000000000000000550000000000000002200000020000002000002220000000000000000000000000000
 000000000000050000000000000000000005000000005000000000000000000000000000000000000005000000000000000220000000222002000000022000000000000000000000000000
 000000000000050000005000000000005005000000550000000000000000000000000000000000000000500000000000000202000000002222000000002000000000000000000000000000
 000000000000050000005000000000005005555555000000000000000000000000000000000000000000000000000000000200200000000000000000002000000000000000000000000000
 000000000000050000050000000000000000000000000000000000000000000000000000000000000000000000000000000020020000000000000000002000000000000000000000000000
 000000000000050000050000000000050000000000000000000000000000000000000000000000000000500000000000000022222000000000000000022000000000000000000000000000
 000000000000050000050000000000050000000000000000000000000000000000000000000000000050000000000000000000000000000000000000020000000000000000000000000000
 000000000000050000050000000000500000000000000000000000000000000000000000000000000050000000000000000000000000000000000002200000000000000000000000000000
 000000000000050000500000000005000000000000000000000000000000000000000000000000000050000000000000000000000000000000000002000000000000000000000000000000
 000000000000050000500000000050000000000000000000000000000000000000000000000000005550000000000000000000000000000000000002000000000000000000000000000000
 000000000000050000555555555000000000000000000000000000000000000000000000000000005000000000000000000000000000000000000000200000000000000000000000000000
 000000000000050000000000000000000000000000000000000000000000000000000000000000005000000000000000000000000000022000000000020000000000000000000000000000
 000000000000050000000000000000000000000000000000000000000000000000005550000000005000000000000000000000000000000000000000020000000000000000000000000000
 000000000000050000000000000000000000000000000000000000000000000000005050000000005000000000000000000000000000000000000000020000000000000000000000000000
 000000000000050000000000000000000000000000000000000000000000000000050005500000050000000000000000000000000000000000000000020000000000000000000000000000
 000000000000050000000000000000000000000000000000000000000000000000050000050000500000000000000000000000000000000000000000220000000000000000000000000000
 000000000000050000000000000000000000000000000000000000000000000000050000005555000000000000000000000000000000000000000000220000000000000000000000000000
 000000000000050000000000000000000000000000000000000000000000000000550000000000000000000000000000000000000000000000000000022000000000000000000000000000
 000000000000055000000000000000000000000000000000000000000000000000500000000000000000000000000000000000222220000000020000002000000000000000000000000000
 000000000000005550000000000000000000000000000000000000000000000005000000000000000000000000000000022202200000000000020000002000000000000000000000000000
 000000000000000050000000000000000000000000000000000000000000000005000000000000000000000000000002200002000000000000022200002000000000000000000000000000
 000000000000000050000000000000000000000000000000000000000000000050000000000000000000000000000000002020000000000000020200002000000000000000000000000000
 000000000000000050000000000000000000000000000000000000000000000500000000000000000000000000000000000020000000000000020200000200000000000000000000000000
 000000000000000050000000000000000000000000000000000000000000000500000000000000000000000000000000000000000000000000022000000200000000000000000000000000
 000000000000000050000000000000000000000000000000000000000000000500000000000000000000000000000000000000000000000000020000000220000000000000000000000000
 000000000000000050000000000000000000000000000000000000000000005500000000000000000000000000000000000000000000000000000000000020000000000000000000000000
 000000000000000050000000000000000000000000000000000000000000005000000000000000000000000000000000000000000000000000000000000020000000000000000000000000
 000000000000000050000000000000000000000000000000000000000000005000000000000000000000000000000000000000000000000000000000000020000000000000000000000000
 000000000000000000555000000000000000000000000000000000000000005500000000000000000000000000000000000000000000000000000000000002000000000000000000000000
 000000000000000000005550000000000000000000000000000000000000000500000000000000000000000000000000000000000000000000000000000002000000000000000000000000
 000000000000000000000050000000000000000000000000000000000000000500000000000000000000000000000000000000000000000000000000000002000000000000000000000000
 000000000000000000000050000000000000000000000000000000000000000555000000000000000000000000000000000000000000000000022200000020000000000000000000000000
 000000000000000000000050000000000000000000000000000000000000000005000000000000000000000000000000000000000000000000200020000220000000000000000000000000
 000000000000000000000050000000000000000000000000000000000000000055000000000000000000000000000000000000000000000000200022222200000000000000000000000000
 000000000000000000000050000000000000000000000000000000000000000050000000000000000000000000000000000000000000000000200000000000000000000000000000000000
 000000000000000000000500000000000000000000000000000000000000000050000000000000000000000000000000000000000000000002222222000200000000000000000000000000
 000000000000000000005000000000000000000000000000000000000000000050000000000000000000000000000000000000000000000002200000000200000000000000000000000000
