 005000000000005000000000000000000000000000000000000000000000000000000000000000000000000000000000000000000000000000000000000000000000002000000022000000
 005000000000050000000000000000000000000000000000000000005050005050000000000000000000000000000000000000000000000002000000000000000000002000000000000000
 005000000000500000000000000000000000000005555000000000000000050005000000000000000000000000000000000000000000000000220000000000000000002000000000200000
 005000000000000000000000000000000000000550000000000000050005550000550000000000000000000000000000000000000000000200002000000000000000002000000000020000
 005000000005000000000000000000000000005000000500000000050000000000000000000000000000000000000000000000022222220000000000000000000000002000000000020002
 005000000050000000000000000000000000050000000500000000000000000000005000000000000000000000000000000000200000000000000200000000000000002000000000000222
 005000000500000000000000000000000000050000005000000000005000000000005000000000000000000000000000000000000000000000000200000000000000002000000000020002
 005000055000000000000000000000000000500000050000000000005000000000005005000000000000000000000000000002000000000000000200000000000000020000000000020002
 005005550000000000000000000000000000500000050000000000005000000000005000550000000000000000000000000000000000000000002000000000000000000000000000020000
 005555000000000000000000000000000000500000500000000000550000000000005050005500000000000000000000000020000000000000002000000000000000200000000000020000
 000000000000000000000000000000000005000005000000000000000000000000005550000050000000000000000000000000000000000000000000000000000000000000000000020000
 000000000000000000000000000000000005000005000000000005000000000000000000000005500000000000000000000002000000000000020000000000000002000000000000002000
 000000000000000000000000000000000050000005000000000005000000000000000000000005000000000000000000000002000000000000200000000000000002000000022220002000
 000000000000000000000000000000000000000005000000000000000000000000000000000500000000000000000000000002000000000000200000000000000020000000020000002000
 000000000000000000000000000000000000000000500000000050000000000000000000000500000000000000000000000002000000000000000000000000002200000000020000202000
 000000000000000000000000000000000050000000055000000500000000000000000000000500000000000000000000000002000000000002000000000000002000000000020000022000
 000000000000000000000000000000000050000000000555550000000000000000000000000500000000000000000000000002000000000020000000000022200000000000020000000000
 000000000000000000000000000000000050000000000000000000000000000000000000000000000000000000000000000002000000000200000000002200000000000000020000000000
 000000000000000000000000000000000050000000000000000000000000000000000000000050000000000000000000000000000000002000000002220000000000000000020000000000
 000000000000000000000000000000000050000000000000000000000000000000000000000500000000000000000000000000200000020000000002000000000000000000020000000000
 000000000000000000000000000000000050000000000000000000000000000000000055505000000000000000000000000000220000200000000002000000000000000000020000000000
 000000000000000000000000000000000005000000000000000000000005555555000500000000000000000000000000000000002002000000000020000000000000000000200000000000
 000000000000000000000000000000000005000000000000000000000005000000550000000000000000000000000000000000002220000000000020000000000000000000200000000000
 000000000000000000000000000000000005000000000000000000000005000000000000000000000000000000000000000000000000000000000200000000000000000000200000000000
 000000000000000000000000000000000005000000000000000000000000500000000000000000000000000000000000000000000000000000002000000000000000000000000000000000
 000000000000000000000000000000000005000000000000000000000000000000000000000000000000000055000000000000000000000000020000000000000000000002000000000000
 000000000000000000000000000000000050000000000000000000000000050000000000000000000000000505555000000000000000000000200000000000000000000200000000000000
 000000000000000000000000000000000000000000000000000000000000050000000000000000000000005000000500000000000000000000200000000000000000000200000000000000
 000000000000000000000000000000000500000000000000000000000000050000000000000000000000005000000050000000000000000000200000000000000000000200000000000000
 000000000000000000000000000000000500000000000000000000000000500005550000000000000050005000000005000000000000000000020000000000000000000222000000000000
 000000000000000000000000000000000500000000000000000000000005000050000000000000005005550000000000500000000000000000020000000000000000000002220000000000
 000000000000000000000000000000000000000000000000000000000005000000000000000000550000000000000000050000000000000000020200000000000000000000000000000000
 000000000000000000000000000000005000000000000000000000000005000000000000000005000000000000000000000000000000000000000200000000000000000000002000000000
 000000000000000000000000000000050000000000000000000000000005500000000000000050000000000000000000005000000000000000000200000000000000000000000222000000
 000000000000000000000000000000500000000000000000000000000000500000000000000500000000000000000000000000000000000000000200000000000000000000000000200000
 000000000000000000000000000000500000000000000000000000000005500000000005555000000000000000000000000500000000000000000200000000000000000000000000020000
 000000000000000000000000000005000000000000000000000000000055000000000005000000000000000000000000000500000000000000000020000000000000000000000000020000
 000000000000000000000000000050000000000000000000000000000050000000000550000000000000000000000000000500000000000000000020000000000000000000000000020000
 000000000000000000000000000000000000000000000000000000000550000000055000000000000000000000000000000500000000000000000002000000000000000000000000022000
 000000000000000000000000000500000000000000000000000000005000000000050000000000000000000000000000000550000000000000000002000000000000000000000000002000
 000000000000000000000000000500000000000000000000000000005000000000500000000000000000000000000000000050000000000000000002200222000000000000000000002222
 000000000000000000000000000500000000000000000000000000005000000005000000000000000000000000000000000005000000000000000000022000020000000000000000000000
 000000000000000000000000000500005555500000000000000055500000000050000000000000000000000000000000000000500000000000000000000000020000000000000000000000
 000000000000000000000000000005500000050000000000005500000000000050000000000000000000000000000000000000000000000000000000000000020000000000000000000000
 000000000000000000000000000000000000000000000000050000000000000050000000000000000000000000000000000000055000000000000000000000200000000000000000000000
 000000000000000000000000000000000000005000000005500000000000005500000000000000000000000000000000000000005000000000000000000002000000000000000000000000
 000000000000000000000000000000000000000050000050000000000000005000000000000000000000000000000000000000005000000000000000000000000000000000000000000000
 000000000000000000000000000000000000000000555000000000000000050000000000000000000000000000000000000000005000000000000000000020000000000000000000000000
 000000000000000000000000000000000000000000000000000000000000500000000055500000000000000000000000000000000000000000000000000002000000000000000000000000
 000000000000000000000000000000000000000000000000000000000055000000000050050000000000000000000000000000055000000000000000000002200000000000000000000000
 000000000000000000000000000000000000000000000000000000000050000000000500000500000000000000000000000055000000000000000000000000220000000000000000000000
 000000000000000000000000000000000000000000000000000000000500000000000500000500000000000000000055555550000000000000000000000000022000000000000000000000
 000000000000000000000000000000000000000000000000000000000500000000000500000500000000000000005500000000000000000000000000000000002200000000000000000000
 000000000000000000000000000000000000000000000000000000005000000000000500000050000000000000550000000000000000000000000000000000000222000000000000000000
 000000000000000000000000000000000000000000000000000000050000000000000500000005500000000005500000000000000000000000000000000000000000222000000000000000
 000000000000000000000000000000000000000000000000000005500000000555550000000000050000000005000000000000000000000000000000000000000000002200000000000000
 000000000000000000000000000000000000000000000055555555000005550000000000000000000000005550000000000000000000000000000000000000000000000220000000000000
 000000000000000000000000000000000000555500000500000000000050000000000000000000005000500000000000000000000000000000000000000000000000000022000000000000
 000000000000000000000000000000000005000050005000000000005000000000000000000000000555000000000000000000000000000000000000000000000000000002200000000000
 000000000000000000000000000000000050000000005000000000550000000000000000000000000000000000000000000000000000000000000000000000000000000000220000000000
 000000000000000000000000000000005000000005005000000000500000000000000000000000000000000000000000000000000000000000000000000000000000000000022000000000
 000000000000000000000000000000050000000005550000000000500000000000000000000000000000000000000000000000000000000000000000000000000000000000000200000000
 000000000000000000000000000005000000000000000000000000500000000000000000000000000000000000000000000000000000000000000200000000000000000000000222220000
 000000000000000000000000000005000000000000000000000000500000000000000000000000000000000000000000000000000000000000000220000000000000000000000000000222
 000000000000000000000000000000000000000000000000000000000000000000000000000000000000000000000000000000002222222222222002220000000000000000000000000000
 000000000000000000000000000050000000000000000000000000500000000000000000000000000000000000000000000000220000000000000000022000000000000000000000000000
 000000000000000000000000000500000000000000000000000000500000000000000000000000000000000000000000000220000000000000000000002200000000000000000000000000
 000000000000000000000000000500000000000000000000000000500000000000000000000000000000000000000000020000000000000000000000000220000000000000000000000000
 000000000000000000000000000500000000000000000000000000500000000000000000000000000000000000000000200000000000000000000000000022000000000000000000000000
 000000000000000000000000000000000000000000000000000000500000000000000000000000000000000000000022000000000000000000000000000002200000000000000000000000
 000000000000000000000555555000000000000000000000000005000000000000000000000000000000000000002200000000000000000000000000000000200000000000000000000000
 000000000000000000050000000000000000000000000000000005000000000000000000000000000000000000020000000000000000000000000000000000020000000000000000000000
 000000000000000000500000000000000000000000000000000050000000000000000000000000000000000000200000000000000000000000000000000000000000000000000000000000
 000000000000000050000000000000000000000000000000000050000000000000000000000000000000000002200000000000000000000000000000000000020000000000000000000000
 000000000000000050000000000000000000000000000000000050000000000000000000000000000000000020000000000000000000000000000022222202200000000000000000000000
 000000000000000000000000000000000000000000000000000500000000000000000000000000000000022000000000000000000000000000002220000000000000000000000000000000
 000000000000000500000000000000000000000000000000005000000000000000000000000000000000200000000000000000000000000000020000000000000000000000000000000000
 000000000000005500000000000000000000000000000000050000000000000000000000000000000020000000000000000000000000000000200000000000000000000000000000000000
 000000000000005000000000000000000000000000000000500000000000000000000000000000000020000000000000000000000000000222000000000000000000000000000000000000
 000000000000055000000000000000000000000000000005000000000000000000000000000000022200000000000000000000000000022000000000000000000000000000000000000000
 000000000000050000000000000000000000000000000550000000000000000000000000000000200000000000000000000000000000200000000000002220000000000000000000000000
 000000000000050000000000000000000000000000005000000000000000000000000000000002000000000000000000000000000022000000000000002022220000000000000000000000
 000000000000050000000000000000000000000000050000000000000000000000000000000200000000000000000000000000000220000000000000020000000222222200000000000000
 000000000000050000000000000000000000000000050000000000000000000000000000000020000000000000000000000000002000000000000000020000000000000222200000000000
 000000000000050000000000000000000000000000050000000000000000000000000000000020000000000000000000000000002000000000000200020000000000000000020000000000
 000000000000050000000000000000000000000000050000000000000000000000000000000020000000000000000000000000002000000000002222220000000000000000002000000000
 000000055550050000000000000000000000000000005000000000000000000000000000022000000000000000000000000000022000000002220000000000000000000000000220000000
 000000000000050000000000000000000000000000000000000000000000000000000000200000000000000000000000000000020000000022000000000000000000000000000020000000
 000000000000005000000000000000000000000000000500000000000000000000000002000000000000000000000000000000200000000220000000000000000000000000000002000000
 000000000000005055000000000000000000000000005000000000000000000000000020000000000000000000000000000002000000002000000000000000000000000000000000200000
 000000000000000005000000000000000000000000050000000000000000000000000020000000000000000000000000000020000000022000000000000000000000000000000000200022
 000000000000000005000000000000000000000000050000000000000000000000000020000000000000000000000000002200000000020000000000000000000000000000000002002200
 000000000000000005000000000000000000000000500000000000000000000000000002000000000000000000000000022000000000220000000000000000000000000000000020020000
 000000000000000005000000000000000000000000500000000000000000000000000002000000000000000000000000220000000000200000000000000000000000000000000020020000
 000000000000000005000000000000000000000000500000000000000000000000000000200000000000000000000000200000000000200000000000000000000000000000000200020000
 000000000000000055000000000000000000055505500000000000000000000000000000020000000000000000000002000000000000200000000000000000000000000000002000020000
 000000000000000000500000000000000000050005000000000000000000000000000000020000000000000000000002000000000000020000000000000000000000000000002000020000
 000000000000005000050000000000000000000050000000000000000000000000000000002000000000000000000020000000002000020000000000000000000000000000002002000000
 000000000050555000050000000000000000500000000000000000000000000000000000000200000000000000000020000000002000020000000000000000000000000000002002000000
 000000000550000000050000000000000055000000000000000000000000000000000000000200000000000000000020000002220222200000000000000000000000000000002002000000
