 000000000000000000000000000000220002000000000000000000000000000000000000000000000000000000000000000000000000000000000000000000000000001000000000000000
 000000000000000000000000000000020000002000000000000000000000000000000000000000000000000000000000000000000000000000000000000000000000001100111111000000
 000000000000000000000000000000022220002000000000000000000000000000000000000000000000000000000000000000000000000000000000000000000000000111100000000000
 000000000000000000000000000000000000002000000000000000000000000000000000000000000000000000000000000000000000000000000000000000000000000011000000000000
 000000000000000000000000000000000000002000000000000000000000000000000000000000000000000000000000000000000000000000000000000000000000000000000000000000
 000000000000000000000000000000000000002000000000000000000000000000000000000000000000000000000000000000000000000000000000000000000000000000000000000001
 000000000000000000000000000000000000002000000000000000000000000000000000000000000000000000000000000000000000000000000000000000000000000000000000000011
 000000000000000000000000000000000000002000000000000000000000000000000000000000000000000000000000000000000000000000000000000000000000000000000001100010
 000000000000000000000000000000000000002000000000000000000000000000000000000000000000000000000000000000000000000000000000000000000000000000000011100001
 000000000000000000000000000000000000022000000000000000000000000000000000000000000000000000000000000000000000000000000000000000000000000000000011100001
 000000000000000000000000000000022220020000000000000000000000000000000000000000000000000000000000000000000000000000000000000000000000000000000001000000
 000000000000000000000000000000200002200000000000000000000000000000000000000000000000000000000000000000000000000000000000000000000000000000000000000000
 000000000000000000000000000000200000000000000000000000000000000000000000000000000000000000000000000000000000000000000000000000000000000000000000000000
 000000000000000000000000000000220000000000000000000000000000000000000000000000000000000000000000000000000000000000000000000000000000000000000000000000
 000000000000000000000000000000022000000000000000000000000000000000000000000000000000000000000000000000000000000000000000000000000000000000000000000000
 000000000000000000000000000000002000000000000000000000000000000000000000000000000000000000000000000000000000000000000000000000000000000000000000000000
 000000000000000000000000000000002000000000000000000000000000000000000000000000000000000000000000000000000000000000000000000000000000000000000000000000
 000000000000000000000000000000002220000000000000000000000000000000000000000000000000000000000000000000000000000000000000000000000000000000011000000000
 000000000000000000000000000000000002000000000000000000000000000000000000000000000000000000000000000000000000000000000000000000000000000001110001111100
 000000000000000000000000002222000002200000000000000000000000000000000000000000000000000000000000000000000000000000000000000000000000000000000000000010
 000000000000000000000000002000200000200000000000000000000000000000000000000000000000000000000000000000000000000000000000000000000000000000000000000001
 000000000000000000000000002000020000200000000000000000000000000000000000000000000000000000000000000000000000000000000000000000000000000000100000000000
 000000000000000000000000002200020000220000000000000000000000000000000000000000000000000000000000000000000000000000000000000000000000000000100000000000
 000000000000000000000000000200022220020000000000000000000000000000000000000000000000000000000000000000000000000000000000000000000000000000100000000000
 000000000000000000000000000000000002020000000000000000000000000000000000000000000000000000000000000000000000000000000000000000000000000000100000000000
 000000000000000000000000022200000000000000000000000000000000000000000000000000000000000000000000000000000000000000000000000000000000000000011111100000
 000000000000000000000000220000000000000000000000000000000000000000000000000000000000000000000000000000000000000000000000000000000000000000000000010000
 000000000000000000000000200000000000000000000000000000000000000000000000000000000000000000000000000000000000000000000000000000000000001000000000001000
 000000000000000000000220000000000000000000000000000000000000000000000000000000000000000000000000000000000000000000000000000000000000001110000000001100
 000000000000000000000200000000000000000000000000000000000000000000000000000000000000000000000000000000000000000000000000000000000000110011111100000100
 000000000000000000022200000000000000000000000000000000000000000000000000000000000000000000000000000000000000000000000000000000000000100000000110000100
 000000000000000000020000000000000000000000000000000000000000000000000000000000000000000000000000000000000000000000000000000000000000100000000011000111
 000000000000000000020000000000000000000000000000000000000000000000000000000000000000000000000000000000000000000000000000000000000000100000000000100000
 000000000000000000002000000000000000000000000000000000000000000000000000000000000000000000000000000000000000000000000000000000000000100000000000110000
 000000000000000000000200000000000000000000000000000000000000000000000000000000000000000000000000000000000000000000000000000000000000100000000000001000
 000000000000000000000022000000000000000000000000000000000000000000000000000000000000000000000000000000000000000000000000000000000000100000000000001000
 000000000000000000000002222200000000000000000000000000000000000000000000000000000000000000000000000000000000000000000000000000000000100000000000001000
 000000000000000000000000000200000000000000000000000000000000000000000000000000000000000000000000000000000000000000000000000000000000100000000000001100
 000000000000000000000000000220000000000000000000000000000000000000000000000000000000000000000000000000000000000000000000000000000000100000000000000110
 000000000000000000000000000020000000000000000000000000000000000000000000000000000000000000000000000000000000000000000000000000000001100000000000000011
 000000000000000000000000000022000000000000000000000000000000000000000000000000000000000000000000000000000000000000000000000000000010000000000000000001
 000000000000000000000000000002000000000000000000000000000000000000000000000000000000000000000000000000000000000000000000000000000000000000000000000000
 000000000000000000000000000002000000000000000000000000000000000000000000000000000000000000000000000000000000000000000000000000000000100000000000000000
 000000000000000000000000000002000000000000000000000000000000000000000000000000000000000000000000000000000000000000000000000000000000011110000000000000
 000000000000000000000000000002000000000000000000000000000000000000000000000000000000000000000000000000000000000000000000000000000000000010000000000000
 000000000000000000000000000002000000000000000000000000000000000000000000000000000000000000000000000000000000000000000000000000000000000010000000000001
 000000000000000000000000000002220000000000000000000000000000000000000000000000000000000000000000000000000000000000000000000000000000001110000000000010
 000000000000000000000000000000020000000000000000000000000000000000000000000000000000000000000000000000000000000000000000000000000000001000000000011100
 000000000000000000000000000000020000000000000000000000000000000000000000000000000000000000000000000000000000000000000000000000000000001000000000100000
 000000000000000000000000000000020000000000000000000000000000000000000000000000000000000000000000000000000000000000000000000000000000000100000001100000
 000000000000000000000000000000020000000000000000000000000000000000000000000000000000000000000000000000000000000000000000000000000000000011111111000000
 000000000000000000000000000000020000000000000000000000000000000000000000000000000000000000000000000000000000000000000000000000000000000000000000000000
 000000000000000000000000000000020000000000000000000000000000000000000000000000000000000000000000000000000000000000000000000000000000000000000000000000
 000000000000000000000000000000022000000000000000000000000000000000000000000000000000000000000000000000000000000000000000000000000000000000000000000000
 000000000000000000000000000000002000000000000000000000000000000000000000000000000000000000000000000000000000000000000000000000000000000000000000000000
 000000000000000000000000000000000222222222000000000000000000000000000000000000000000000000000000000000000000000000000000000000000000000000000000000000
 000000000000000000000000000000000000000000200000000000000000000000000000000000000000000000000000000000000000000000000000000000000000000000000000000000
 000000000000000000000000000000000000000002000000000000000000000000000000000000000000000000000000000000000000000000000000000000000000000000000000000000
 000000000000000000000000000000000000000002000000000000000000000000000000000000000000000000000000000000000000000000000000000000000000000000000000000000
 000000000000000000000000000000000000000020000000000000000000000000000000000000000000000000000000000000000000000000000000000000000000000000000000000000
 000000000000000000000000000000000000000020000000000000000000000000000000000000000000000000000000000000000000000000000000000000000000000000000000000000
 000000000000000000000000000000000000000022200000000000000000000000000000000000000000000000000000000000000000000000000000000000000000000000000000000000
 000000000000000000000000000000000000000000220000000000000000000000000000000000000000000000000000000000000000000000000000000000000000000000000000000000
 000000000000000000000000000000000000000000020000000000000000000000000000000000000000000000000000000000000000000000000000000000000000000000000000000000
 000000000000000000000000000000000000000000022000000000000000000000000000000000000000000000000000000000000000000000000000000000000000000000000000000000
 000000000000000000000000000000000000000000002000000000000000000000000000000000000000000000000000000000000000000000000000000000000000000000000000000000
 000000000000000000000000000000000000000000002000000000000000000000000000000000000000000000000000000000000000000000000000000000000000000000000000110000
 000000000000000000000000000000000000000000002000000000000000000000000000000000000000000000000000000000000000000000000000000000000000000000000000001100
 000000000000000000000000000000000000000000002000000000000000000000000000000000000000000000000000000000000000000000000000000000000000000000000000000000
 000000000000000000000000000000000000000000002000000000000000000000000000000000000000000000000000000000000000000000000000000000000000000000100000000011
 000000000000000000000000000000000000000000020000000000000000000000000000000000000000000000000000000000000000000000000000000000000000000000100000000000
 000000000000000000000000000000000000000000020000000000000000000000000000000000000000000000000000000000000000000000000000000000000000000001000000000000
 000000000000000000000000000000000000000000200000000000000000000000000000000000000000000000000000000000000000000000000000000000000000000000100000000000
 000000000000000000000000000000000000000000200000000000000000000000000000000000000000000000000000000000000000000000000000000000000000000000100000000000
 000000000000000000000000000000000000000000200000000000000000000000000000000000000000000000000000000000000000000000000000000000000000000000100000000000
 000000000000000000000000000000000000000000022220000000000000000000000000000000000000000000000000000000000000000000000000000000000000000000100000000000
 000000000000000000000000000000000000000000000022220000000000000000000000000000000000000000000000000000000000000000000000000000000000000000100000000000
 000000000000000000000000000000000000000000000000002200000000000000000000000000000000000000000000000000000000000000000000000000000000000001100000000000
 000000000000000000000000000000000000000000000000000200000000000000000000000000000000000000000000000000000000000000000000000000000000000010000000000000
 000000000022200000000000000000000000000000000000020000000000000000000000000000000000000000000000000000000000000000000000000000000000000010000000000000
 000222200020200000000000000000000000000000000000020000000000000000000000000000000000000000000000000000000000000000000000000000000000001000000000000000
 002200202220200000000000000000000000000000000000200000000000000000000000000000000000000000000000000000000000000000000000000000000000001000000000000000
 002000222000020000000000000000000000000000000000200000000000000000000000000000000000000000000000000000000000000000000000000000000000001000000000000000
 002200020000022200000000000000000000000000000000220000022200000000000000000000000000000000000000000000000000000000000000000000000000001000000000000000
 000200000000000200000000000000000000000000000000000000020220000000000000000000000000000000000000000000000000000000000000000000000000010000000000000000
 000200000000000220000000000000000000000000000000002222220000000000000000000000000000000000000000000000000000000000000000000000000000000000000000000000
 000200000000000020000000000000000000000000000000000000000020000000000000000000000000000000000000000000000000000000000000000000000000100000000000000000
 000222000000000022000000000000000000000000000000000000000020000000000000000000000000000000000000000000000000000000000000000000000000100000000000000000
 220000200000000002000000000000000000000000000000000000000020000000000000000000000000000000000000000000000000000000000000000000000001000000000000000000
 022200020000000002200000000000000000000000000000000000000002000000000000000000000000000000000000000000000000000000000000000000000010000000000000000000
 000022220000000000200000000000000000000000000000000000000002220000000000000000000000000000000000000000000000000000000000000000000000000000000000000000
 000002200000000000200000000000000000000000000000000000000000022000000000000000000000000000000000000000000000000000000000000000000000000000000000000000
 000000000000000000200000000000000000000000000000000000000000002000000000000000000000000000000000000000000000000000000000000000000100000000000000000000
 000000000000000000200000000000000000000000000000000000000000022000000000000000000000000000000000000000000000000000000000000000000000000000000000000000
 000000000000000000220000000000000000000000000000000000000002220000000000000000000000000000000000000000000000000000000000000000000100000000000000000000
 200000000000000000022000000000000000000000000000000000000022000000000000000000000000000000000000000000000000000000000000000000000100000000000000000000
 220000000000000000002220000000000000000000000000000000000020000000000000000000000000000000000000000000000000000000000000000000000100000000000000000000
 020000000000000000000020000000000000000000000000000000000020000000000000000000000000000000000000000000000000000000000000000000000100000000000000000000
 020000000000000000000020000000000000000000000000000000000020000000000000000000000000000000000000000000000000000000000000000000000100000000000000000000
 020000000000000000002200000000000000000000000000002222200220000000000000000000000000000000000000000000000000000000000000000000000100000000000000000000
