 000000000000000000000020000002000000000200000000000000000000000000000000000000000000000000002020000000020022000000000000000001000000000000000000000000
 000000000000000000000020000002000000002200000000000000000000000000000000000000000000000000000000220200022220000000000000000000011100000000000000000000
 000000000000000000000200000002000002222000000000000000000000000000000000000000000000000000000000000000000000000000000000000000000110000000000000000000
 000000000000000000002000000002000002000000000000000000000000000000000000000000000200000000000000000000000000000000000000000000000001110000000000000000
 220000000000000000002000000020000002000000000000000000000000000000000000000000002000000000000000000000000000000000000000000000000000001000000000000000
 020000000000000000002000000020000000000000000000000000000000000000000000000000002000000000000000000000000000000000000000000000000000001000000000000000
 022000000000000000002000000200000020000000000000000000000000000000000000000000000200000020000000000000000000000000000000000000000000001000000000000000
 002222222222000222220000000200000200000000000000000000000000000000000000000000000020000000000000000000000000000000000000000000000000001000000000000000
 220000000000222000000000000200000000000000000000000000000000000000000000000000000020000000000000000000000000000000000000000000000000011000000000000000
 020000000000000000000000000200002000000000000000000000000000000000000000000000000020000000000000000000000000000000000000000000000000110000000000000000
 000000000000000000000000000200000020000000000000000000000000000000000000000000000022000000000000000000000000000000000000000000000001000000000000000000
 020000000000000000000000000000000002000000000000000000000000000000000000000000000002200000000000000000000000000000000000000000000011000000000000000000
 020000000000000000000000000002000000000000000000000000000000000000000000000000000000200000000000000000000000000000000000000000000010000000000000000000
 002000000000000000000000000000000000200000000000000000000000000000000000000000000000200000000000000000000000000000000000000000000000000000000000000000
 000200000000000000000000000000200000200000000000000000000000000000000000000000000000000000000000000000000000000000000000000000000100000000000000000000
 000020000000000000000000000000022222200000000000000000000000000000000000000000000002200000000000000000000000000000000000000000000100000000000000000000
 000020000000000000000000000000000000000000000000000000000000000000000000000000000022000000000000000000000000000000000000000000011000000000000000000000
 000020000000000000000000000000000000000000000000000000000000000000000000000000222220000000000000000000000000000000000000000000110000000000000000000000
 000020000000000000000000000000000000000000000000000000000000000000000000000000200000000000000000000000000000000000000000000001100000000000000000000000
 000002000000000000000000000000000000000000000000000000000000000000000000000000220000000000000000000000000000000000000000000001000000000000000000000000
 000000022000000000000000000000000000000000000000000000000000000000000000000000020000000000000000000000000000000000000000000001000000000000000000000000
 000000000000000000000000000000000000000000000000000000000000002220000000000222200000000000000000000000000000001001000000000010000000000000000000000000
 000000000200000000000000000000000000000000000000000000000000022002000000022000000000000000000000000000000000110000111000000100000000000000000000000000
 000000000020000000000000000000000000000000000000000000000000020000200000020000000000000000000000000000000000000000000000001000000000000000000000000000
 000000000020000000000000000000000000000000000000000000000000020000022200020000000000000000111111111111111100000000000000110000000000000000000000000000
 000000000002000000000000000000000000000000000000000000000000020000000022220000000000000000000000000000000000000000000000000000000000000000000000000000
 000000000002000000000000000000000000000000000000000000000000220000000000000000000000000010000000000000000000000000000000000000000000000000000000000000
 000000000000000022000000000000000000000000000000000000000000200000000000000000000000000010000000000000000000000000000000000000000000000000000000000000
 000000000000200200020000000000000000000000000000000000000002000000000000000000000000001100000000000000000000000000000000000000000000000000000000000000
 000000000000020200022000000000000000000000000000000000000022000000000000000000000000011000000000000000000000000000000000000000000000000000000000000000
 000000000000020000000000000000000000000000000002222200002200000000000000000000000000000000000000000000000000000000000000000000000000000000000000000000
 000000000000000000000220000000000000000000000002000022220000000000000000000000000000010000000000000000000000000000000000000000000000000000000000000000
 000000000000000000000020200000000000000000000002000000000000000000000000000000000000010000000000000000000000000000000000000000000000000000000000000000
 000000000000000000000000220000000000000000000002000000000000000000000000000000000000010000000000000000000000000000000000000000000000000000000000000000
 000000000000000000000000022000000000000000000002000000000000000000000000000000000000010000000000000000000000000000000000000000000000000000000000000000
 000000000000000000000000000000000000000000000002000000000000000000000000000000000000001000000000000000000000000000000000000000000000000000000000000000
 000000000000000000000000002222200000000000000002000000000000000000000000000000000000000110000000000000000000000000000000000000000000000000000000000000
 000000000000000000000000000000020000000000000002000000000000000000000000000000000000000001100000000000000000000000000000000000000000000000000000000000
 000000000000000000000000000000022000000000000000200000000000000000000000000000000000000000000000000000000000000000000000000000000000000000000000000000
 000000000000000000000000000000000200000000000000002200000000000000000000000000000000000000100000000000000000000000000000000000000000000000000000000000
 200000000000000000000000000000000200000000000000000200000000000000000000000000000000000000110000000000000000000000000000000000000000000000000000000000
 022200000000000000000000000000000200000000000000000200000000000000000000000000000000000000011000000000000000000000000000000000000000000000000000000000
 000022000000000000000000000000000200000000000000000000000000000000000000000000000000000000001000000000000000000000000000000000000000000000000000000000
 000000222220000000000000000000002200000000000000002000000000000000000000000000000000000000001000000000000000000000000000000000000000000000000000000000
 000000000002000000000000000000200000000000000000020000000000000000000000000000000000000000001000000000000000000000000000000000000000000000000000000000
 000000000000200000000000000000200000000002200022200000000000000000000000000000000000000000001000000000000000000000000000000000000000000000000000000000
 000000000000220000000000000000022000000200002200000000000000000000000000000000000110001000001000000000000000000000000000000000000000000000000000000000
 000000000000002002220000000000000222222000000000000000000000000000000000000000000110001000000000000000000000000000000000000000000000000000000000000000
 000000000000000220022000000000000000022000000000000000000000000000000000000000000010000000001000000000000000000000000000000000000000000000000000000000
 000000000000000000002000000000000000000000000000000000000000000000000000000000000000000000000011111000000000000000000000000000000000000000000000000000
 000000000000000000000200000000000000000000000000000000000000000000000000000000000000000000000000001100001111000000000000000000000000000000000000000000
 000000000000000000000200000000000000000000000000000000000000000000000000000000000000000000000000000110011001000000000000000000000000000000000000000000
 000000000000000000000200000000000000000000000000000000000000000000000000000000000000000000000000000011110001000000000000000000000000000000000000000000
 000000000000000000002000000000000000000000000000000000000000000000000000000000000000111110000000000000000001000000000000000000000000000000000000000000
 000000000000000000000200000000000000000000000000000000000000000000000000000000000001000001000000000000000001000000000000000000000000000000000000000000
 000000000000000000000222000000022000000000000000000000000000000000000000000000000111000000111111110000000001000000000000000000000000000000000000000000
 000000000000000000000002000000022000000000000000000000000000000000000000000000000100000000000000011000000000000000000000000000000000000000000000000000
 000000000000000000000000220000000000000000000000000000000000000000000000000000000100000000000000001111000100000000000000000000000000000000000000000000
 000000000000000000000000020000000000000000000000000000000000000000000000000000000111000000000000000000100100000000000000000000000000000000000000000000
 000000000000000000000000020000000000000000000000000000000000000000000000000000000001000000000000000000111100000000000000000000000000000000000000000000
 000000000000000000000000020000000000000000000000000000000000000000000000000000000001000000000000000000000000000000000000000000000000000000000000000000
 000000000000000000000000020000000000000000000000000000000000000000000000000000000001000000000000000000000000000000000000000000000000000000000000000000
 000000000000000000000000020000000000000000000000000000000000000000000000000000000000100000000000000000000000000000000000000000000000000000000000000000
 200000000000000000000000020000000000000000000000000000000000000000000000000000000000001100000000000000000000000000000000000000000000000000000000000000
 200000000000000000000000020000000000000000000000000000000000000000000000000000000000000110000000000000000000000000000000000000000000000000000000000000
 200000000000000000000002200000000000000000000000000000000000000000000000000000000000000011000000000000000000000000000000000000000000000000000000000000
 200000000000000000002220000000000000000000000000000000000000000000000000000000000000000000000000000000000000000000000000000000000000000000000000000000
 200000000000000000200000000000000000000000000000000000000000000000000000000000000000000000100000000000000000000000000000000000000000000000000000000000
 220000000000000000200000000000000000000000000000000000000000000000000000000000000000000001100000000000000000000000000000000000000000000000000000000000
 022000000000000000200000000000000000000000000000000000000000000000000000000000000000000010000000000000000000000000000000000000000000000000000000000000
 002000000000000000200000000000000000000000000000000000000000000000000000000000000000001100000000000000000000000000000000000000000000000000000000000000
 002000000000000002200000000000000000000000000000000000000000000000000000000000000000011000000000000000000000000000000000000000000000000000000000000000
 000222000000000020000000000000000000000000000000000000000000000000000000000000000000110000000000000000000000000000000000000000000000000000000000000000
 000000222000002220000000000000000000000000000000000000000000000000000000000000000001100000000000000000000000000000000000000000000000000000000000000000
 000000002200222000000000000000000000000000000000000000000000000000000000000000000000000000000000000000000000000000000000000000000000000000000000000000
 000000000222200000000000000000000000000000000000000000000000000000000000000000000001000000000000000000000000000000000000000000000000000000000000000000
 000000000002000000000000000000000000000000000000000000000000000000000000000000000001000000000000000000000000000000000000000000000000000000000000000000
 000000000000000000000000000000000000000000000000000000000000000000000000000000000000000000000000000000000000000000000000000000000000000000000000000000
 000000000000000000000000000000000000000000000000000000000000000000000000000000000000000000000001100000000000000000000000000000000000000000000000000000
 000000000000000000000000000000000000000000000000000000000000000000000000000000000000011110000110000000000000000000000000000000000000000000000000000000
 000000000000000000000000000000000000000000000000000000000000000000000000000000000000000011000100100000000000000000000000000000000000000000000000000000
 000000000000000000000000000000000000000000000000000000000000000000000000000000000000000001000100110000000000000000000000000000000000000000000000000000
 000000000000000000000000000000000000000000000000000000000000000000000000000000000000000000100100010100000000000000000000000000000000000000000000000000
 000000000000000000000000000000000000000000000000000000000000000000000000000000000000000000011100000100000000000011100000000000000000000000000000000000
 000000000000000000000000000000000000000000000000000000000000000000000000000000000000000000001100000100000000001100100000000000000000000000000000000000
 000000000000000000000000000000000000000000000000000000000000000000000000000000000000000000000000000101011111000000100000000000000000000000000000000000
 000000000000000000000000000000000000000000000000000000000000000000000000000000000000000000000000000110000001010000010000000000000000000000000000000000
 000000000000000000000000000000000000000000000000000000000000000000000000000000000000000000000000000000000000100000001110000000000000000000000000000000
 000000000000000000000000000000000000000000000000000000000000000000000000000000000000000000000000000000000000000000000011000000000000000000000000000000
 000000000000000000000000000000000000000000000000000000000000000000000000000000000000000000000000000000000000000000000001111000000000000000000000000000
 200000000000000000000000000000000000000000000000000000000000000000000000000000000000000000000000000000000000000000000000001100000000000000000000000000
 200000000000000000000000000000000000000000000000000000000000000000000000000000000000000000000000000000000000000000000000000100000000000000000000000000
 020000000000000000000000000000000000000000000000000000000000000000000000000000000000000000000000000000000000000000000000000100000000000000000000000000
 022000000000000000000000000000000000000000000000000000000000000000000000000000000000000000000000000000000000000000000000000100000000000000000000000000
 002200000000000000000000000000000000000000000000000000000000000000000000000000000000000000000000000000000000000000000000000100000000000000000000000000
 000200000000000000000000000000000000000000000000000000000000000000000000000000000000000000000000000000000000000000000000000010000000000000000000000000
 000020000000000000000000000000000000000000000000000000000000000000000000000000000000000000000000000000000000000000000000000000110000000000000000000000
 000022000000000000000000000000000000000000000000000000000000000000000000000000000000000000000000000000000000000000000000000000011000000000000000000000
 000002000000000000000000000000000000000000000000000000000000000000000000000000000000000000000000000000000000000000000000000000001000000000000000000000
 000000222000000000000000000000000000000000000000000000000000000000000000000000000000000000000000000000000000000000000000000000000100000000000000000000
