 000000000000000000000000000000000000000000000000000000000000000000000000000000000000000000000000000000000000000000000000000000000000000000000000000000
 000000000000000000000000000000000000000000000000000000000000000000000000000000000000000000000000000000000000000000000000000000000000000000000000000000
 000000000000000000000000000000000000000000000000000000000000000000000000000000000000000000000000000000000000000000000000000000000000000000000000000000
 000000000000000000000000000000000000000000000000000000000000000000000000000000000000000000000000000000000000000000000000000000000000000000000000000000
 000000000000000000000000000000000000000000000000000000000000000000000000000000000000000000000000000000000000000000000000000000000000000000000000000000
 000000000000000000000000000000000000000000000000000000000000000000000000000000000000000000000000000000000000000000000000000000000000000000000000000000
 000000000000000000000000000000000000000000000000000000000000000000000000000000000000000000000000000000000000000000000000000000000000000000000000000000
 000000000000000000000000000000000000000000000000000000000000000000000000000000000000000000000000000000000000000000000000000000000000000000000000000000
 000000000000000000000000000000000000000000000000000000000000000000000000000000000000000000000000000000000000000000000000000000000000000000000000000000
 000000000000000000000000000000000000000000000000000000000000000000000000000000000000000000000000000000000000000000000000000000000000000000000000000000
 000000000000000000000000000000000000000000000000000000000000000000000000000000000000000000000000000000000000000000000000000000000000000000000000000000
 000000000000000000000000000000000000000000000000000000000000000000000000000000000000000000000000000000000000000000000000000000000000000000000000000000
 000000000000000000000000000000000000000000000000000000000000000000000000000000000000000000000000000000000000000000000000000000000000000000000000000000
 000000000000000000000000000000000000000000000000000000000000000000000000000000000000000000000000000000000000000000000000000000000000000000000000000000
 000000000000000000000000000000000000000000000000000000000000000000000000000000000000000000000000000000000000000000000000000000000000000000000000000000
 000000000000000000000000000000000000000000000000000000000000000000000000000000000000000000000000000000000000000000000000000000000000000000000000000000
 000000000000000000000000000000000000000000000000000000000000000000000000000000000000000000000000000000000000000000000000000000000000000000000000000000
 000000000000000000000000000000000000000000000000000000000000000000000000000000000000000000000000000000000000000000000000000000000000000000000000000000
 000000000000000000000000000000000000000000000000000000000000000000000000000000000000000000000000000000000000000000000000000000000000000000000000000000
 000000000000000000000000000000000000000000000000000000000000000000000000000000000000000000000000000000000000000000000000000000000000000000000000000000
 000000000000000000000000000000000000000000000000000000000000000000000000000000000000000000000000000000000000000000000000000000000000000000000000000000
 000000000000000000000000000000000000000000000000000000000000000000000000000000000000000000000000000000000000000000000000000000000000000000000000000000
 000000000000000000000000000000000000000000000000000000000000000000000000000000000000000000000000000000000000000000000000000000000000000000000000000000
 000000000000000000000000000000000000000000000000000000000000000000000000000000000000000000000000000000000000000000000000000000000000000000000000000000
 000000000000000000000000000000000000000000000000000000000000000000000000000000000000000000000000000000000000000000000000000000000000000000000000000000
 000000000000000000000000000000000000000000000000000000000000000000000000000000000000000000000000000000000000000000000000000000000000000000000000000000
 000000000000000000000000000000000000000000000000000000000000000000000000000000000000000000000000000000000000000000000000000000000000000000000000000000
 000000000000000000000000000000000000000000000000000000000000000000000000000000000000000000000000000000000000000000000000000000000000000000000000000000
 000000000000000000000000000000000000000000000000000000000000000000000000000000000000000000000000000000000000000000000000000000000000000000000000000000
 000000000000000000000000000000000000000000000000000000000000000000000000000000000000000000000000000000000000000000000000000000000000000000000000000000
 000000000000000000000000000000000000000000000000000000000000000000000000000000000000000000000000000000000000000000000000000000000000000000000000000000
 000000000000000000000000000000000000000000000000000000000000000000000000000000000000000000000000000000000000000000000000000000000000000000000000000000
 000000000000000000000000000000000000000000000000000000000000000000000000000000000000000000000000000000000000000000000000000000000000000000000000000000
 000000000000000000000000000000000000000000000000000000000000000000000000000000000000000000000000000000000000000000000000000000000000000000000000000000
 000000000000000000000000000000000000000000000000000000000000000000000000000000000000000000000000000000000000000000000000000000000000000000000000000000
 000000000000000000000000000000000000000000000000000000000000000000000000000000000000000000000000000001000000000000000000000000000000000000000000000000
 000000000000000000000000000000000000000000000000000000000000000000000000000000000000000111111111111110000000000000000000000000000000000000000000000000
 000000000000000000000000000000000000000000000000000000000000000000000000000000000000010000000000000000010000000000000000000000000000000000000000000000
 000000000000000000000000000000000000000000000000000000000000000000000000000000010111110000000000000001000000000000000000000000000000000000000000000000
 000000000000000000000000000000000000000000000000000000000000000000000000000011000000000000000000000011000000000000000000000000000000000000000000000000
 000000000000000000000000000000000000000000000000000000000000000000000000000110000000000000000000000110000011000000000000000000000000000000000000000000
 000000000000000000000000000000000000000000000000000000000000000000000011000100000000000000000000000100000111100000000000000000000000000000000000000000
 000000000000000000000000000000000000000000000000000000000000000000000111111000000000000000000000000110001100100000000000000000000000000000000000000000
 000000000000000000000000000000000000000000000000000000000000000000001100000000000000000000000000000011111000100000000000000000000000000000000000000000
 000000000000000000000000000000000000000000000000000000000000000000001000000000000000000000000000000000000000100000000000000000000000000000000000000000
 000000000000000000000000000000000000000000000000000000000000000000011100000000000000000000000000000000000000011111111111100000000000000000000000000000
 000000000000000000000000000000000000000000000000000000000000000000000010000000000000000000000000000000000000000000000000010000000000000000000000000000
 220000000000000000000000000000000000000000000000000000000000000000100010000000000000000000000000000000000000000000000000001000000000000000000000000000
 002000000000000000000000000000000000000000000000000000000000000000000010000000000000000000000000000000000000000000000000001100000000000000000000000000
 002200000000000000000000000000000000000000000000000000000001100000000010000000000000000000000000000000000000000000000000011000000000000000000000000000
 000020000000000000000000000000000000000000000000000000000011010000000110000000000000000000000000000000000000000000000000010000000000000000000000000000
 000020000000000000000000000000000000000000000000000000011110001111111100000000000000000000000000000000000000000000000000010000000000000000000000000000
 000000000000000000000000000000000000000000000000000011000000000000000000000000000000000000000000000000000000000000000000010000000000000000000000000000
 000002000000000000000000000000000000000000000000000110000000000000000000000000000000000000000000000000000000000000000000010000000000000000000000000000
 000002000000000000000000000000000000000000000000001100000000000000000000000000000000000000000000000000000000000000000000010000000000000000000000000011
 000002000000000000000000000000000000000000000000001000000000000000000000000000000000000000000000000000000000000000000001000000000000000000000000000100
 000000200000000000000000000000000000000000000000010000000000000000000000000000000000000000000000000000000000000000000000000000000000000000000000000100
 000000220000000000000000000000000000000000000000010111111111100000000000000000000000000000000000000000000000000000000100000000000000000000000000000000
 000000020000000000000000000000000000000000000010001100000000010000000000000000000000000000000000000000000000000000000100000000000000100000000000000000
 000000002000000000000000000000000000000000000010000000000000010000000000000000000000000000000000000000000000000000011000000000000001100000000000001000
 000000000000000000000000000000000000000000000000000000011111110000000000000000000000000000000000000000000000000000010000000011000000000000000000010000
 000000000200000000000000000000000000000000000000000000100000000000000000000000000000000000000000000000000001111111100000001101100000000000000000100000
 000000002000000000000000000000000000000000000000000000100000000000000000000000000000000000000000000000000011000000000000001000100000000000000001100000
 000000020000000000000000000000000000000000000000000000100000000000000000000000000000000000000000000000000100000000000000010000100000000000000011000000
 000002200000000000000000000000000000000000000000000000100000000000000000000000000000000000000000000000110000000000000000000000100000000000000010000000
 000020000000000000000000000000000000011110000000111111100000000000000000000000000000000000000000000000100000000000000000100000100000000000000010000000
 002000000000000000000000000000000000010000000000100000000000000000000000000000000000000000000000000000100000000000000000100000100000000000000010000000
 020000000000000111111111100000000000010010000000100000000000000000000000000000000000000000000000000000100000111111100000010000111000001000110010000000
 220000000000000100000000110000000000010000000000100000000000000000000000000000000000000000000000000000100001000000011100011000001000001101110010000000
 000000000000011000000000011111000000010011100000000000000000000000000000000000000000000000000000000000111111000000000100001000001000000011011110000000
 000000000001000000000000000000000000010000000000110000000000000000000000000000000000000000000000000000000000000000000100001000001000000110000000000000
 000000011110000000000000000001000000010000100000001000000000000000000000000000000000000000000000000000000000000000000100011000001100001100000000000000
 000000000000000000000000000001000000000000100000000100000000000000000000000000000000000000000000000000000000000000000100110000000010001000000000000000
 000000100000000000000000000001011000000100110000000010000000000000000000000000000000000000000000000000000000000000000111100000000010010000000000000000
 000001000000000000000000000000001100000100011000000011000000000000000000000000000000000000000000000000000000000000000000000000000010010000000000000000
 000000000000000000000000000000011000000100001000000001100000000000000000000000000000000000000000000000000000000000000000000000000010010000000000000000
 000010000000000000000000000000010000000100000110000000100000000000000000000000000000000000000000000000000000000000000000000000000010010000000000000000
 000010000000000000000000000000011000001100000011000000100000000000000000000000000000000000000000000000000000000000000000000000000010010000000000000000
 000010000000000000000000000000001111111000000001110000100000000000000000000000000000000000000000000000000000000000000000000000000011110000000000000000
 000010000000000000000000000000000000000000000000000000100000000000000000000000000000000000000000000000000000000000000000000000000000000000000000000011
 000100000000000000000000000000000000000000000000011111100000000000000000000000000000000000000000000000000000000000000000000000000000000000000000000010
 001000000000000000000000000000000000000000000000000000000000000000000000000000000000000000000000000000000000000000000000000000000000000000000000000010
 000000000000000000000000000000000000000000000000000000000000000000000000000000000000000000000000000000000000000000000000000000000000000000000000000010
 010000000000000000000000000000000000000000000000000000000000000000000000000000000000000000000000000000000000000000000000000000000000000000000000000010
 110000000000000000000000000000000000000000000000000000000000000000000000000000000000000000000000000000000000000000000000000000000000000000000000000011
 000000000000000000000000000000000000000000000000000000000000000000000000000000000000000000000000000000000000000000000000000000000000000000000000000000
 000000000000000000000000000000000000000000000000000000000000000000000000000000000000000000000000000000000000000000000000000000000000000000000000000000
 000000000000000000000000000000000000000000000000000000000000000000000000000000000000000000000000000000000000000000000000000000000000000000000000000000
 000000000000000000000000000000000000000000000000000000000000000000000000000000000000000000000000000000000000000000000000000000000000000000000000000000
 000000000000000000000000000000000000000000000000000000000000000000000000000000000000000000000000000000000000000000000000000000000000000000000000000000
 000000000000000000000000000000000000000000000000000000000000000000000000000000000000000000000000000000000000000000000000000000000000000000000000000000
 000000000000000000000000000000000000000000000000000000000000000000000000000000000000000000000000000000000000000000000000000000000000000000000000000000
 000000000000000000000000000000000000000000000000000000000000000000000000000000000000000000000000000000000000000000000000000000000000000000000000000000
 000000000000000000000000000000000000000000000000000000000000000000000000000000000000000000000000000000000000000000000000000000000000000000000000000000
 000000000000000000000000000000000000000000000000000000000000000000000000000000000000000000000000000000000000000000000000000000000000000000000000000000
 000000000000000000000000000000000000000000000000000000000000000000000000000000000000000000000000000000000000000000000000000000000000000000000000000000
 000000000000000000000000000000000000000000000000000000000000000000000000000000000000000000000000000000000000000000000000000000000000000000000000000000
 000000000000000000000000000000000000000000000000000000000000000000000000000000000000000000000000000000000000000000000000000000000000000000000000000000
 000000000000000000000000000000000000000000000000000000000000000000000000000000000000000000000000000000000000000000000000000000000000000000000000000000
 000000000000000000000000000000000000000000000000000000000000000000000000000000000000000000000000000000000000000000000000000000000000000000000000000000
