 000000000000000000000000000000000000000000000000000000000000000000000000000000000000000020000000000000000000000000000000000000000000000000000000000000
 000000000000000000000000000000000000000000000000000000000000000000000000000000000000000020000000000000000000000000000000000000000000000000000000000000
 000000000000000000000000000000000000000000000000000000000000000000000000000000000000000020000000000000000000000000000000000000000000000000000000000000
 000000000000000000000000000000000000000000000000000000000000000000000000000000000000000020000000000000000000000000000000000000000000000000000000000000
 000000000000000000000000000000000000000000000000000000000000000000000000000000000000000020000000000000000000000000000000000000000000000000000000000000
 000000000000000000000000000000000000000000000000000000000000000000000000000000000000000020000000000000000000000000000000000000000000000000000000000000
 000000000000000000000000000000000000000000000000000000000000000000000000000000000000000020000000000000000000000000000000000000000000000000000000000000
 000000000000000000000000000000000000000000000000000000000000000000000000000000000000000020000000000000000000000000000000000000000000000000000000000000
 000000000000000000000000000000000000000000000000000000000000000000000000000000000000000002000000000000000000000000000000000000000000000000000000000000
 000000000000000000000000000000000000000000000000000000000000000000000000000000000000000000200000000000000000000000000000000000000000000000000000000000
 000000000000000000000000000000000000000000000000000000000000000000000000000000000000000000200000000000000000000000000000000000000000000000000000000000
 000000000000000000000000000000000000000000000000000000000000000000000000000000000000000000200000000000000000000000000000000000000000000000000000000000
 000000000000000000000000000000000000000000000000000000000000000000000000000000000000000000200000000000000000000000000000000000000000000000000000000000
 000000000000000000000000005550000000000000000000000000000000000000000000000000000000000000020000000000000000000000000000000000000000000000000000000000
 000000000000000000000000005005550000000000000000000000000000000000000000000000000000000000002000000000000000000000000000000000000000000000000000000000
 000000000000000000000000005000055550000000000000000000000000000000000000000000000000000000002000000000000000000000000000000000000000000000000000000000
 000000000000000000000000005000000055000000000000000000000000000000000000000000000000000000002000000000000000000000000000000000000000000000000000000000
 000000000000000000000000005000000005500000000000000000000000000000000000000000000000000000000200000000000000000000000000000000000000000000000000000000
 000000000000000000000000005000000000500000000000000000000000000000000000000000000000000000000200000000000000000000000000000000000000000000000000000000
 000000000000000000000000005000000000550000000000000000000000000000000000000000000000000000000222200000000000000000000000000000000000000000000000000000
 000000000000000000000000005000000000050000000000000000000000000000000000000000000000000000000000200000000000000000000000000000000000000000000000000000
 000000000000000000000000005000000000005000000000000000000000000000000000000000000000000000000000200000000000000000000000000000000000000000000000000000
 000000000000000000000000005000000000005500000000000000000000000000000000000000000000000000000000200000000000000000000000000000000000000000000000000000
 000000000000000000000000005000000000000500000000000000000000000000000000000000000000000000000000200000000000000000000000000000000000000000000000000000
 000000000000000000000000005000000000000550000000000000000000000000000000000000000000000000000000200000000000000000000000000000000000000000000000000000
 000000000000000000000000005000000000000055000000000000000000000000000000000000000000000000000222200000000000000000000000000000000000000000000000000000
 000000000000000000000000005000000000000005000000000000000000000000000000000000000000000000220000000000000000000000000000000000000000000000000000000000
 000000000000000000000000005000000000000005000000000000000000000000000000000000000000000000200000000000000000000000000000000000000000000000000000000000
 000000000000000000000000005000000000000005000000000000000000000000000000000000000000000000200000000000000000000000000000000000000000000000000000000000
 000000000000000000000000005000000000000005555550000000000000000000000000000000000000000000022000000000000000000000000000000000000000000000000000000000
 000000000000000000000000005000000000000000000005500000000000000000000000000000000000000000002000000000000000000000000000000000000000000000000000000000
 000000000000000000000000005000000000000000000000550000000000000000000000000000000000000000000200000000000000000000000000022220000000000000000000000000
 000000000000000000000000005000000000000000000000055000000000000000000000000000000000000000000200000000000000000000000000200002000000000000000000000000
 000000000000000000000000005000000000000000000000005000000000000000000000000000000000000000000220000000000000000000000000200000000000000000000000000000
 000000000000000000000000005000000000000000000000005000000000000000000000000000000000000000000022000000000000000000000000200000200000000000000000000000
 000000000000000000000000005550000000000000000000000555000000000000000000000000000000000000000002000000000000000000000000200000200000000000000000000000
 000000000000000000000000000055000000000000000000000000555555555000000000000000000000000000000002000000000000000000000000200000020000000000000000000000
 000000000000000000000000000005000000000000000000000000000000000000000000000000000000000000000002000000000000000000000000200000020000000000000000000000
 000000000000000000000000000005000000000000000000000000000000000500000000000000000000000000000002000000000000000000000000200000002200000000000000000000
 000000000000000000000000000005000000000000000000000000000000000050000000000000000000000000000222000000000000000000000000000000000020000000000000000000
 000000000000000000000000000005000000000000000000000000000000000055000000000000000000000000000200000000000000000000000000020000000020000000000000000000
 000000000000000000000000000005000000000000000000000000000000000005000000000000000000000000000220222000000000000000000000002200000022220000000000000000
 000000000000000000000000000005000000000000000000000000000000000005000000000000000000000000000002000200000000000000000000000220000000002000000000000000
 000000000000000000000000000005000000000000000000000000000000000000550000000000000000000000000002000200000000000000000000000020000000002000000000000000
 000000000000000000000000000005000000000000000000000000000000000000050000000000000000000000000000200020000000000000000000000020000000002000000000000000
 000000000000000000000000000005000000000000000000000000000000000000050000000000000000000000000020200000200000000000000000000022000000002000000000000000
 000000000000000000000000000005000000000000000000000000000000000000000000000000000000000000000200200000222200000000000000000002000000002000000000000000
 000000000000000000000000000005000000000000000000000000000000000000005000000000000000000000000200200000200002000000000000000002000000002200000000000000
 000000000000000000000000000005000000000000000000000000000000000000000500000000000000000000000222200000000002000000000000000002000000000200000000000000
 000000000000000000000000000005000000000000000000000000000000000000000500000000000000000000000002000000000002000000000000000002200000000200000000000000
 000000000000000000000000000005000000000000000000000000000000000000000500000000000000000000000002000000000002000000000000000000200000000200000000000000
 000000000000000000000000000005000000000000000000000000000000000000000500000000000000000000000002000000000002000000000000000000200000000220000000000000
 000000000000000000000000000005000000000000000000000000000000000000000500000000000000000000000002000000000002000000000000000000220000000020000000000000
 000000000000000000000000000005000000000000000000000000000000000000000500000000000000000000000000000000000002000000000000000000020000000002000000000000
 000000000000000000000000000005000000000000000000000000000000000000000550000000000000000000000000000000000002000000000000000000020000000002000000000000
 000000000000000000000000000005500000000000000000000000000000000000000050000000000000000000000000000000000000000000000000000000020000000002222000000000
 000000000000000000000000000000550000000000000000000000000000000000000050000000000000000000000000000000000000200000000000000000002000000002202200000000
 000000000000000000000000000000050000000000000000000000000000000000000050000000000000000000000000000000000000200000000000000000002000000000000220000000
 000000000000000000000000000000050000000000000000000000000000000000000050000000000000000000000000000000000000020000000000000000002220000000000022000000
 000000000000000000000000000000050000000000000000000000000000000000000050000000000000000000000000000000000000002000000000000000000022000000000002200000
 000000000000000000000000000000055000000000000000000000000000000000000050000000000000000000000000000000000000002000000000000000000002000000000000220000
 000000000000000000000000000000005000000000000000000000000000000000000005000000000000000000000000000000000000002000000000000000000002000000000000020000
 000000000000000000000000000000005000000000000000000000000000000000000000550500000000000000000000000000000000000200000000000000000002200000000000022002
 000000000000000000000000000000055000000000000000000000000000000000000000005500000000000000000000000000000000000020000000000000000000220000000000002002
 000000000000000000000000000000050000000000000000000000000000000000000000555000000000000000000000000000000000000000222000000000000000020000000000002202
 000000000000000000000000000000050000000000000000000000000000000000000005500000000000000000000000000000000000000002002200000000000000020000000000000202
 000000000000000000000000000000050000000000000000000000000000000000000005000000000000000000000000000000000000000000000200000000000000020000000000000202
 000000000000000000000000000000050000000000000000000000000000000000000005000000000000000000000000000000000000000000000002000000000000020000000000000202
 000000000000000000000000000000050000000000000000000000000000000000000005000000000000000000000000000000000000000000000002200000000000020000000000000202
 000000000000000000000000000000050000000000000000000000000000000000000005000000000000000000000000000000000000000000000000020000000000020000000000000202
 000000000000000000000000000000050000000000000000000000000000000000000005000000000000000000000000000000000000000000000000022000000000020000000000000202
 000000000000000000000000000000050000000000000000000000000000000000000005000000000000000000000000000000000000000000000000000200000000020000000000000222
 000000000000000000000000000000050000000000000000000000000000000000000005000000000000000000000000000000000000000000000000000200000000022000000000000020
 000000000000000000000000000000050000000000000000000000000000000000000005500000000000000000000000000000000000000000000000000220000000002000000000000002
 000000000000000000000000000000050000000000000000000000000000000000000000550000000000000000000000000000000000000000000000000022000000002200000000000000
 000000000000000000000000000000050000000000000000000000000000000000000000055000000000000000000000000000000000000000000000000002200000002000000000000000
 000000000000000000000000000000050000000000000000000000000000000000000000005500000000000000000000000000000000000000000000000000020000022000000000000000
 000000000000000000000000000000050000000000000000000000000000000000000000000550000000000000000000000000000000000000000000000000020000020000000000000000
 000000000000000000000000000000050000000000000000000000000000000000000000000050000000000000000000000000000000000000000000000000002000020000000000000000
 000000000000000000000000000000055000000000000000000000000000000000000000000050000000000000000000000000000000000000000000000000002000020000000000000000
 000000000000000000000000000000005500000000000000000000000000000000000000000000005500000000000000000000000000000000000000000000000222220000000000000000
 000000000000000000000000000000000500000000000000000000000000000000000000000005550555000000000000000000000000000000000000000000000000220000000000000000
 000000000000000000000000000000000500000000000000000000000000000000000000000000000005000000000000000000000000000000000000000000000000020000000000000000
 000000000000000000000000000000000500000000000000000000000000000000000000000000000005500000000000000000000000000000000000000000000000000000000000000000
 000000000000000000000000000000000500000000000000000000000000000000000000000000000005000000000000000000000000000000000000000000000000000200000000000000
 000000000000000000000000000000000500000000000000000000000000000000000000000000000005000000000000000000000000000000000000000000000000000200000020000000
 000000000000000000000000000000000500000000000000000000000000000000000000000000000005000055000000000000000000000000000000000000000000000000000220000000
 000000000000000000000000000000000500000000000000000000000000000000000000000000000005555555000000000000000000000000000000000000000000000000000000000000
 000000000000000000000000000000000500000000000000000000000000000000000000000000000000000005000000000000000000000000000000000000000000000000022200000000
 000000000000000000000000000000000500000000000000000000000000000000000000000000000000000055000000000000000000000000000000000000000000000000220020000000
 000000000000000000000000000000000500000000000000000000000000000000000000000000000000055550000000000000000000000000000000000000000000000002200020000000
 000000000000000000000000000000000500000000000000000000000000000000000000000000000000500000000000000000000000000000000000000000000000000002000020000000
 000000000000000000000000000000000500000000000000000000000000000000000000000000000005000000000000000000000000000000000000000000000000000002000022000000
 000000000000000000000000000000000500000000000000000000000000000000000000000000000550000000000000000000000000000000000000000000000000000000200020000000
 000000000000000000000000000000000500000000000000000000000000000000000000000000000500000000000000000000000000000000000000000000000000000000020020000000
 000000000000000000000000000000000500000000000000000000000000000000000000000000005000000000000000000000000000000000000000000000000000000000020020000000
 000000000000000000000000000000000500000000000000000000000000000000000000000000005000000000000000000000000000000000000000000000000000000000022220000000
 000000000000000000000000000000000500000000000000000000000000000000000000000000005000000000000000000000000000000000000000000000000000000000000200000000
 000000000000000000000000000000000500000000000000000000000000000000000000000000050000000000000000000000000000000000000000000000000000000000000200000000
 000000000000000000000000000000000550000000000000000000000000000000000000000000050000000000000000000000000000000000000000000000000000000000000000000000
