 000000000000000000000000000000000055000000000000000000000000000000000000000000050000000000000000000000000000000000000000000000000000000000000000000000
 000000000000000000000000000000000005000000000000000000000000000000000000000000050000000000000000000000000000000000000000000000000000000000000000000000
 000000000000000000000000000000000005000000000000000000000000000000000000000005500000000000000000000000000000000000000000000000000000000000000000000000
 000000000000000000000000000000000005000000000000000000000000000000000000000005000000000000000000055550000000000000000000000000000000000000000000000000
 000000000000000000000000000000000005000000000000000000000000000000000000000005000000000000000000050000000000000000000000000000000000000000000000000000
 000000000000000000000000000000000005000000000000000000000000000000000000000005000000000000000005500050000000000000000000000000000000000000000000000000
 000000000000000000000000000000000005000000000000000000000000000000000000000005000000000000000005005500000000000000000000000000000000000000000000000000
 000000000000000000000000000000000005000000000000000000000000000000000000000005000000000000000005550000000000000000000000000000000000000000000000000000
 000000000000000000000000000000000005500000000000000000000000000000000000000005000000000000000000000000000000000000000000000000000000000000000000000000
 000000000000000000000000000000000000500000000000000000000000000000000000000005000000000000000000000000000000000000000000000000000000000000000000000000
 000000000000000000000000000000000000500000000000000000000000000000000000000005000000000000000000000000000000000000000000000000000000000000000000000000
 000000000000000000000000000000000005500000000000000000000000000000000000000050000000000000000000000000000000000000000000000000000000000000000000000000
 000000000000000000000000000000000005000000000000000000000000000000000000000050000000000000000000000000000000000000000000000000000000000000000000000000
 000000000000000000000000000000000005000000000000000000000000000000000000000050000000000000000000000000000000000000000000000000000000000000000000000000
 000000000000000000000000000000000005000000000000000000000000000000000000005500000000000000000000000000000000000000000000000000000000000000000000000000
 000000000000000000000000000000000005000000000000000000000000000000000000500000000000000000000000000000000000000000000000000000000000000000000000000000
 000000000000000000000000000000000005000000000000000000000000000000000000000000000000000000000000000000000000000000000000000000000000000000000000000000
 000000000000000000000000000000000005000000000000000000000000000000000005000000000000000000000000000000000000000000000000000000000000005500000000000000
 000000000000000000000000000000000005000000000000000000000000000000000005000000000000000000000000000000000000000000000000000000000000055500000000000000
 000000000000000000000000000000000005000000000000000000000000000000000005000000000000000000000000000000000000000000000000000000000000050555000000000000
 000000000000000000000000000000000005000000000000000000000000000000000000500000000000000000000000000000000000000000000000000000000000050005000000000000
 000000000000000000000000000000000005000000000000000000000000000000000000050000000000000000000000000000000000000000000000000000000000550005000000000000
 000000000000000000000000000000000005000000000000000000000000000000000000050000000000000000000000000000000000000000000000000000000000500050000000000000
 000000000000000000000000000000000005500000000000000000000000000000000000050000000000000000000000000000000000000000000000000000000055500050000000000000
 000000000000000000000000000000000000550000000000000000000000000000000000500000000000000000000000000000000000000000000000000000000050000550000000000000
 000000000000000000000000000000000000050000000000000000000000000000000000000000000000000000000000000000000000000000000000000000000050000500000000000000
 000000000000000000000000000000000000050000000000000000000000000000000005000000000000000000000000000000000000000000000000000000000550000550000000000000
 000000000000000000000000000000000000050000000000000000000000000000000005000000000000000000000000000000000000000000000000000000005500000550000000000000
 000000000000000000000000000000000000050000000000000000000000000000000005000000000000000000000000000000000000000000000000000000050000000500000000000000
 000000000000000000000000000000000000050000000000000000000000000000000000000000000000000000000000000000000000000000000000005555500000000500000000000000
 000000000000000000000000000000000000050000000000000000000000000000000005000000000000000000000000000000000000000000000000005000000000000500000000000000
 000000000000000000000000000000000000050000000000000000000000000000000005000000000000000000000000000000000000000000000000055000000000000550000000000000
 000000000000000000000000000000000000050000000000000000000000000000000005000500000000000000000000000000000000000000000000050000000000000050000000000000
 000000000000000000000000000000000000050000000000000000000000000000000000555055000000000000000000000000000000000000000000050000000000000050000000000000
 000000000000000000000000000000000000050000000000000000000000000000000000000000500000000000000000000000000000000000000000050000000000000050000000000000
 000000000000000000000000000000000000050000000000000000000000000000000000000000000000000000000000000000000000000000000000050000000000000050000000000000
 000000000000000000000000000000000000050000000000000000000000000000000000000000055000000000000000000000000000000000000005550000000000000550000000000000
 000000000000000000000000000000000000050000000000000000000000000000000000000000050000000000000000000000000000000000000005000000000000000500000000000000
 000000000000000000000000000000000000050000000000000000000000000000000000000000050000000000000000000000000000000000000005000000000000000500000000000000
 000000000000000000000000000000000000050000000000000000000000000000000000000000500000000000000000000000000000000000000055000000000000000550000000000000
 000000000000000000000000000000000000050000000000000000000000000000000000000000500000000000000000000000000000000000005550000000000000000055000000000000
 000000000000000000000000000000000000055500000000000000000000000000000000000000500000000000000000000000000000000000055000000000000000000005500000000000
 000000000000000000000000000000000000000550000000000000000000000000000000000000500000000000000000000000000000000000550000000000000000000000500000000000
 000000000000000000000000000000000000000050000000000000000000000000000000000000500000000000000000000000000000000000500000000000000000000005500000000000
 000000000000000000000000000000000000000050000000000000000000000000000000000000050000000000000000000000000000000005500000000000000000000005000000000000
 000000000000000000000000000000000000000050000000000000000000000000000000000000050050000000000000000000000000000555000000000000000000000005000000000000
 000000000000000000000000000000000000000050000000000000000000000000000000000000055505000000000000000000000000005500000000000000000000000005500000000000
 000000000000000000000000000000000000000050000000000000000000000000000000000000000005000000000000000000005555555000000000000000000000000000550000000000
 000000000000000000000000000000000000000050000000000000000000000000000000000000000005000000000000000000050000000000000000000000000000000000050000000000
 000000000000000000000000000000000000000050000000000000000000000000000000000000000005000000000000000055500000000000000000000000000000000000050000000000
 000000000000000000000000000000000000000055000000000000000000000000000000000000000005000000000000000550000000000000000000000000000000000000050000000000
 000000000000000000000000000000000000000005000000000000000000000000000000000000000000500000000000005500000000000000000000000000000000000000050000000000
 000000000000000000000000000000000000000005000000000000000000000000000000000000000000500005555555555000000000000000000000000000000000000000050000000000
 000000000000000000000000000000000000000055000000000000000000000000000000000000000000500050000000000000000000000000000000000000000000000000050000000000
 000000000000000000000000000000000000000050000000000000000000000000000000000000000000555500000000000000000000000000000000000000000000000000050000000000
 000000000000000000000000000000000000000050000000000000000000000000000000000000000000000000000000000000000000000000000000000000000000000000050000000000
 000000000000000000000000000000000000000050000000000000000000000000000000000000000000000000000000000000000000000000000000000000000000000000050000000000
 000000000000000000000000000000000000000050000000000000000000000000000000000000000000000000000000000000000000000000000000000000000000000000050000000000
 000000000000000000000000000000000000000050000000000000000000000000000000000000000000000000000000000000000000000000000000000000000000000000055500000000
 000000000000000000000000000000000000000050000000000000000000000000000000000000000000000000000000000000000000000000000000000000000000000000000550000000
 000000000000000000000000000000000000000050000000000000000000000000000000000000000000000000000000000000000000000000000000000000000000000000000050000000
 000000000000000000000000000000000000000050000000000000000000000000000000000000000000000000000000000000000000000000000000000000000000000000000050000000
 000000000000000000000000000000000000000050000000000000000000000000000000000000000000000000000000000000000000000000000000000000000000000000000050000000
 000000000000000000000000000000000000000055000000000000000000000000000000000000000000000000000000000000000000000000000000000000000000000000000550000000
 000000000000000000000000000000000000000005500000000000000000000000000000000000000000000000000000000000000000000000000000000000000000000000005500000000
 000000000000000000000000000000000000000000500000000000000000000000000000000000000000000000000000000000000000000000000000000000000000000000055000000000
 000000000000000000000000000000000000000000500000000000000000000000000000000000000000000000000000000000000000000000000000000000000000000000050000000000
 000000000000000000000000000000000000000000500000000000000000000000000000000000000000000000000000000000000000000000000000000000000000000000050000000000
 000000000000000000000000000000000000000000500000000000000000000000000000000000000000000000000000000000000000000000000000000000000000000000055550000000
 000000000000000000000000000000000000000000500000000000000000000000000000000000000000000000000000000000000000000000000000000000000000000000000050000000
 000000000000000000000000000000000000000000500000000000000000000000000000000000000000000000000000000000000000000000000000000000000000000000000050000000
 000000000000000000000000000000000000000000500000000000000000000000000000000000000000000000000000000000000000000000000000000000000000000000000550000000
 000000000000000000000000000000000000000000500000000000000000000000000000000000000000000000000000000000000000000000000000000000000000000000005500000000
 000000000000000000000000000000000000000000500000000000000000000000000000000000000000000000000000000000000000000000000000000000000000000000005000000000
 000000000000000000000000000000000000000000500000000000000000000000000000000000000000000000000000000000000000000000000000000000000000000000005000000000
 000000000000000000000000000000000000000000500000000000000000000000000000000000000000000000000000000000000000000000000000000000000000000000005000000000
 000000000000000000000000000000000000000000500000000000000000000000000000000000000000000000000000000000000000000000000000000000000000000000005000000000
 000000000000000000000000000000000000000000500000000000000000000000000000000000000000000000000000000000000000000000000000000000000000000000000000000000
 000000000000000000000000000000000000000000500000000000000000000000000000000000000000000000000000000000000000000000000000000000000000000000000555500000
 000000000000000000000000000000000000000000500000000000000000000000000000000000000000000000000000000000000000000000000000000000000000000000000000500000
 000000000000000000000000000000000000000000550000000000000000000000000000000000000000000000000000000000000000000000000000000000000000000000000000500000
 000000000000000000000000000000000000000000050000000000000000000000000000000000000000000000000000000000000000000000000000000000000000000000000005500000
 000000000000000000000000000000000000000000055000000000000000000000000000000000000000000000000000000000000000000000000000000000000000000000000005000000
 000000000000000000000000000000000000000000005000000000000000000000000000000000000000000000000000000000000000000000000000000000000000000000000005555000
 000000000000000000000000000000000000000000005000000000000000000000000000000000000000000000000000000000000000000000000000000000000000000000000000005500
 000000000000000000000000000000000000000000005000000000000000000000000000000000000000000000000000000000000000000000000000000000000000000000000000000500
 000000000000000000000000000000000000000000005000000000000000000000000000000000000000000000000000000000000000000000000000000000000000000000000000000500
 000000000000000000000000000000000000000000005500000000000000000000000000000000000000000000000000000000000000000000000000000000000000000000000000000550
 000000000000000000000000000000000000000000000500000000000000000000000000000000000000000000000000000000000000000000000000000000000000000000000000000050
 000000000000000000000000000000000000000000000500000000000000000000000000000000000000000000000000000000000000000000000000000000000000000000000000055550
 000000000000000000000000000000000000000000005500000000000000000000000000000000000000000000000000000000000000000000000000000000000000000000000000050000
 000000000000000000000000000000000000000000005000000000000000000000000000000000000000000000000000000000000000000000000000000000000000000000000000050000
 000000000000000000000000000000000000000000005000000000000000000000000000000000000000000000000000000000000000000000000000000000000000000000000000050000
 000000000000000000000000000000000000000000005000000000000000000000000000000000000000000000000000000000000000000000000000000000000000000000000000055000
 000000000000000000000000000000000000000000005000000000000000000000000000000000000000000000000000000000000000000000000000000000000000000000000000005000
 000000000000000000000000000000000000000000005000000000000000000000000000000000000000000000000000000000000000000000000000000000000000000000000000005550
 000000000000000000000000000000000000000000005000000000000000000000000000000000000000000000000000000000000000000000000000000000000000000000000000055550
 000000000000000000000000000000000000000000005000000000000000000000000000000000000000000000000000000000000000000000000000000000000000000000000000050000
 000000000000000000000000000000000000000000005000000000000000000000000000000000000000000000000000000000000000000000000000000000000000000000000000500000
 000000000000000000000000000000000000000000005000000000000000000000000000000000000000000000000000000000000000000000000000000000000000000000000000500000
