 000000000000000000000000000000000000000000000000500000500500000500500005000000000000000000000000000000000000000000000000000500000000000000000000000000
 000000000000000000000000050000000000000000000000050000055500000500000000000555000000000000000000000000000000055555000000000500055500000000000000000000
 000000000000000000000000000000000000000000000000050000000000000555000000555000000000000000000000000000000000500000500000000050000050000000000000000000
 000000000000000000000000005000000000000000000000050000000000000000000000000000550000000000000000000000000055000000050000000005000005500000000000000000
 000000000000000000000000005000000000000000000000050000000000000000000000000000000000000000000000000000005000000000000000000005000000000000000000000000
 000000000000000000000000005000000000000000000000050000000000000000000000000000005000000000000000000000005000000000005000000005000000050000000000000000
 000000000000000000000000000000000000000000000000050000000000000000000000000000050000000000000000000000050000000000000500000005000000500000000000000000
 000000000000000000000000050000000000000000000005500000000000000000000000000000500000000000000000000000050000000000000050000005000005000000000000000000
 000000000000000000000000050000000000000000000005000000000000000000000000000005000000000000000000000000000000000000000000000005000005000000000000000000
 000000000000000000000000050000000000000000000005555000000000000000000000000050000000000000000000000000050000000005555005000000500050000000000000000000
 550000000000000000000000050000000000000000000000005000000000000000000000000050000000000000000000000000005000000005005000000000555500000000000000000000
 055500000000000000000000000000000000000000000000005000000000000000000000000050000000000000000000000000000500000000000500000000000000000000000000000000
 000050000000000000000000500000000000000000000000050000000000000000000000000050000000000000000000000000000050000050000005000000000000000000000000000000
 000000500000000000000005000000000000000000000000005000000000000000000000000050000000000000000000000000000005000000000000000000000000000000000000000000
 500000050000000000000050000000000000000000000000000500000000000000000000000005000000000000000000000000000000500500000000000000000000000000000000000000
 550000055000000000000500000000000000000000000000000055550000000000000000000000000000000000000000000000000000055000000000000000000000000000000000000000
 050000000500000000000500000000000000000000000000000000005000000000000000000005000000000000000000000000000000000000000000000000000000000000000000000000
 005500000005000000005000000000000000000000000000000000005000000000000000000050000000000000000000000000000000000000000000000000000000000000000000000000
 000500000000500000050000000000000000000000000000000000055000000000000000000500000000000000000000000000000000000000000000000000000000000000000000000000
 000055000000550000050000000000000000000000000000000005000000000000000000005000000000000000000000000000000000000000000000000000000000000000000000000022
 000000000000005000500000000000000000000000005050000000550000000000000000005000000000000000000000000000000000000000000000000000000000000000000000000002
 000000550000000505000000000000000000000000005005000000050000000000000000055000000000000000000000000000000000000000000000000000000000000000000000000002
 000000000000000000000000000000000000000000000000500000055000000000000000050000000000000000000000000000000000000000000000000000000000000000000000000002
 000000005500000000000000000000000000000000050000050000000500000000000005000000000000000000000000000000000000000000000000000000000000000000000000000022
 000000000050000000000000000000000000000000500000000500000050000000000005000000000000000000000000000000000000000000000000000000000000000000000000000020
 000000000005000000000000000000000000000000500000000055000005000000000050000000000000000000000000000000000000000000000000000000000000000000000000000020
 000000000000500000000000000000000000000005000000000000000005000000005500000000000000000500000000000000000000000000000000000000000000000000000000000020
 000000000000050000000000000000000000000005000000000000500005000000005000000000000000050005555555000000000000000000000000000000000000000000000220000020
 000000000000005000000000000000000000000005000000000000500000500000005000000000000000000000000000000000000000000000000000000000000000000000002220000000
 000000000000000500000000000000000000000005000000000000000000500000005000000000000000500000000000000000000000000000000000000000000000000000022020000200
 000000000000005000000000000000000000000000500000000000050000500000005000000000000000500000000005000000000000000000000000000000000000000000220020002000
 000000000000050000000000000000000000000000500000000000005000500000005000000000000000500000005550000000000000000000000000000000000000000000200022220000
 000000000005000000000000000000000000000000050000000000000555000000000500000000000055000000550000000000000000000000000000000000000000000002200000000000
 005550555500000000000000000000000000000000000550000000000000000000000500000000000050000005000000000000000000000000000000000000000000000002200000000000
 055055500000000000000000000000000000000000000005000000000000000000000000000000005500000005000000000000000000000000000002000000000000000000220000000000
 550000000000000000000000000000000000000000000000050000000000000000000050000000050000000050000000000000000000000000000000000000000000000000022200000000
 500000000000000000000000000000000000000000000000005000000000000000000050000000000000055000000000000000000000000000000200200000000000000000000200000000
 000000000000000000000000000000000000000000000000000555000000000000000000000000500000050000000000000000000000000000002000000000000000000000000200000000
 500000500000000000000000000000000000000000000000000000050000000000000005000005000000050000000000000000000000000000000000000000000000000000000200000000
 555555055000000000000000000000000000000000000000000000005000000000000005000005000000050000000000000000000000000000200200000000000000000000000200000000
 000000000500000000000000000000000000000000000000000000000500000000000005000005000000500000000000000000000000000002002000000000000000000000000020000000
 000000000000000000000000000000000000000000000000000000000050000000000000555550000000500000000000000000000000000000200000000000000000000000000020000000
 000000000050000000000000000000000000000000000000000000000005000000000000000000000000500000000000000000000000000000000000000000000000000000000020000000
 000000000005000000000000000000000000000000000000000000000000050000000000000000000000500000000000000000000000000000000000000000000000000000000020000000
 000000000000500000000000000000000000000000000000000000000000000500000000000000000000500000000000000000000000000000000000000000000000000000000020000000
 000000000000500000000000000000000000000000000000000000000000000500000000000000000000500000000000000000000000000000000000000000000000220000000020000000
 000000000000500000000000000000000000000000000000000000000000000500000000000000000000555000000000000000000000000000000000000000000002222000000020000022
 000000000000500000000000000000000000000000000000000000000000000500000000000000000000000050000000000000000000000000000000000000000000000000000200000220
 000000000000500000000000000000000000000000000000000000000000000500000000000000000000000000000000000000000000000000000000000000000000000000002000000000
 000000000005000000000000000000000000000000000000000000000000000500000000000000000000000005000000000000000000000000000000000000000000020000000000002000
 000000000005000000000000000000000000000000000000000000000000000050000000000000000000000050000000000000000000000000000000000000000000000000020000002000
 000000000050000000000000000000000000000000000000000000000000000005000000000000000000000050000000000000000000000000000000000000000000000000002000020000
 000000000050000000000000000000000000000000000000000000000000000005000000000000000000000500000000000000020020000000000000000000000000000000002000020000
 000000555000000000000000000000000000000000000000000000000000000005000000000000000000050000000000000000200020000000000000000000000000000000002000000000
 000005500000000000000000000000000000000000000000000000000000000005000000000000000000500000000000000000000200000000000000000000000000000000000022200000
 000555000000000000000000000000000000000000000000000000000000000000500000000000000550000000000000000002000200000000000000000000000000000000000000000000
 000500000000000055000000000000000000000000000000000000000000000000050000000000005000000000000000020002000200000000000000000000000000000000000000000000
 000550000000000000000000000000000000000000000000000000000000000000005000000000550000000000000002000222002000000000000000000000000000000000000000000000
 000050000000000050000000000000000000000000000000000000000000000000000500005550000000000000000002000000022000000000000000000000000000000000000000000000
 000055555000000500500000000000000000000000000000000000000000000000000005550000000000000000000002000000200000000000000000000000000000000000000000000000
 000000000500000500500000000000000000000000000000000000000000000000000000000000000000000000000002000000200000000000000000000000000000000000000000000000
 000000000500055005000000000000000000000000000000000000000000000000000000000000000000000000000220000000000000000000000000000000000000000000000000000000
 000000000555500005000000000000000000000000000000000000000000000000000000000000000000000000000020000002000000000002000000000000000000000000000000000000
 000000000000000000000000000000000000000000000000000000000000000000000000000000002000000000000020000020000000000022220000000000000000000000000000000020
 000000000000000050000000000000000000000000000000000000000000000000000000000000000000000000000020000200000000000002200000000000000000000000000000000020
 000000000000000000000000000000000000000000000000000000000000000000000000000000220020000000000200002000002022200000000000000000000000000000000000000020
 000000000000005500000000000000000000000000000000000000000000000000000000000000000020000000000022002000002000000000000000000000000000000000000000000000
 000000000000005000000000000000000000000000000000000000000000000000000000000002000200000000000002002000002002000002020000000000000000000000000000000000
 000000000000000000000000000005550000000000000000000000000000000000000000000002000200000000000002002000200000000020002000000000000000000000000000000000
 000000000000050000000000000500000000000000000000000000000000000000000000000000200000000000000020002002000020000020002000000000000000000000000000000000
 000000000005000000000000050000000000000000000000000000000000000000000000000000000000000000002000002222000020000020002200000000000000000000000000002020
 000000000550000000000005000000050000000000000000000000000000000000000000000000000000000000002000000000000020000020002000000000000000000000000000020002
 000000005500000000000500000000050000005555500000000000000000000000000000000000000000000000000200000000000000000020002000000000000000000000000000020000
 000000005000000000005000000000050000005000050000000000000000000000000000000000000000000000000020000000000002000020002000000000000000000000000000020000
 000000055000000000500000000000005000005000005500000000000000000000000000000000000000000000000002000000000002002200000222220000000000000000000000000000
 000000550000000005000000000000000000005000000500000000000000000000000000000000000000000000000000200000000002002000000000000000000000000000000000002000
 000005500000000050000000000000005000050000000500000000000000000000000000000000000000000000000000200000000002220000000000002000000000000000000000000200
 000055000000005000000000000000005000050000000000000000000000000000000000000000000000000000000000020000000000000000000000002000000000000000000000000020
 555550000005500000000000000000005000050000000055000000000000000000000000000000000000000000000000002000000000000000000000000000000000000000000000000020
 005500000005000000000000000000005000500000000005000000000000000000000000000000000000000000000000000200000000000000000000020000000000222220000000000000
 000000000055000000000000000000005005000000000005000000000000000000000000000000000000000000000000000200000000000000000002000000000000200022000000000000
 000000000550000000000000000000005550000000000005000000000000000000000000000000000000000000000000000200000000000000000022000000000002000002200000000000
 000000005500000000000000000000000000000000000050000000000000000000000000000000000000000000000022222200000000000000000200000000000020000000000000000000
 000000055000000000000000000000000000000000000500000000000000000000000000000000000000000000000200000000000000000000002000000000000020000000200000000000
 000000055000000000000000000000000000000000000500000000000000000000000000000000000000000000002000000000000000000000020000000000000020000000000000000000
 000000005000000000000000000000000000000005555000000000000000000000000000000000000000000002220000000000000000000022000000000000000200000000020000000000
 005555555000000000000000000000555555555550000000000000000000000000000000000000000000000002000000000000000000000200000000000000000200000000020000000000
 005000000000000000000000000055000000000000000000000000000000000000000000000000000000000000000000000000000000000200000000000000002000000000000000000000
 005000000000000000000000005500000000000000000000000000000000000000000000000000000000000000000000000000000000000000000000000000000000000000002000000000
 005000000000000000000000050000000000000000000000000000000000000000000000000000000000000002000000000000000000022000000000000000020000000000002000000000
 005000000000000000000000500000000000000000000000000000000000000000000000000000000000000000200000000000000000200000000000000000020000000000002000000000
 005000000000000000000005000000000000000000000000000000000000000000000000000000000000000000200000000000000002000000000000000000020000000000002000000000
 005000000000000000000550000000000000000000000000000000000000000000000000000000000000000000020000000000000020000000000000000000020000000000002000000000
 005000000000000000005000000000000000000000000000000000000000000000000000000000000000000000002000000222222200000000000000000000000000000000000000000000
 005000000000000000050000000000000000000000000000000000000000000000000000000000000000000000000200002000000000000000000000000000002000000000020000000000
 005000000000000005500000000000000000000000000000000000000000000000000000000000000000000000000200002000000000000000000000000000002000000000200000000000
 005000000000000050000000000000000000000000000000000000000000000000000000000000000000000000000202200000000000000000000000000000002200000000200000000000
 005000000000000500000000000000000000000000000000000000000000000000000000000000000000000000000000000000000000000000000000000000000020000000200000000000
 005000000000000000000000000000000000000000000000000000000000000000000000000000000000000000000000000000000020000000000000000000000022000000020000000000
 005000000000005000000000000000000000000000000000000000000000000000000000000000000000000000000000000000000000000000000000000000000000222000002000000000
