 000000000000000000000000000000000000000000000000000000000000000000000000000000000000000000000000000000000000000000000000000000000000000000000000000000
 000000000000000000000000000000000000000000000000000000000000000000000000000000000000000000000000000000000000000000000000000000000000000000000000000000
 000000000000000000000000000000000000000000000000000000000000000000000000000000000000000000000000000000000000000000000000000000000000000000000000000000
 000000000000000000000000000000000000000000000000000000000000000000000000000000000000000000000000000000000000000000000000000000000000000000000000000000
 000000000000000000000000000000000000000000000000000000000000000000000000000000000000000000000000000000000000000000000000000000000000000000000000000000
 000000000000000000000000000000000000000000000000000000000000000000000000000000000000000000000000000000000000000000000000000000000000000000000000000000
 000000000000000000000000000000000000000000000000000000000000000000000000000000000000000000000000000000000000000000000000000000000000000000000000000000
 000000000000000000000000000000000000000000000000000000000000000000000000000000000000000000000000000000000000000000000000000000000000000000000000000000
 000000000000000000000000000000000000000000000000000000000000000000000000000000000000000000000000000000000000000000000000000000000000000000000000000000
 000000000000000000000000000000000000000000000000000000000000000000000000000000000000000000000000000000000000000000000000000000000000000000000000000000
 000000000000000000000000000000000000000000000000000000000000000000000000000000000000000000000000000000000000000000000000000000000000000000000000000000
 000000000000000000000000000000000000000000000000000000000000000000000000000000000000000000000000000000000000000000000000000000000000000000000000000000
 000000000000000000000000000000000000000000000000000000000000000000000000000000000000000000000000000000000000000000000000000000000000000000000000000000
 000000000000000000000000000000000000000000000000000000000000000000000000000000000000000000000000000000000000000000000000000000000000000000000000000000
 000000000000000000000000000000000000000000000000000000000000000000000000000000000000000000000000000000000000000000000000000000000000000000000000000000
 000000000000000000000000000000000000000000000000000000000000000000000000000000000000000000000000000000000000000000000000000000000000000000000000000000
 000000000000000000000000000000000000000000000000000000000000000000000000000000000000000000000000000000000000000000000000000000000000000000000000000000
 000000000000000000000000000000000000000000000000000000000000000000000000000000000000000000000000000000000000000000000000000000000000000000000000000000
 020220000000000000000000000000000000000000000000000000000000000000000000000000000000000000000000000000000000000000000000000000000000000000000000000000
 000000000000000000000000000000000000000000000000000000000000000000000000000000000000000000000000000000000000000000000000000000000000000000000000000000
 000002000000000000000000000000000000000000000000000000000000000000000000000000000000000000000000000000000000000000000000000000000000000000000000000000
 000000220000000000000000000000000000000000000000000000000000000000000000000000000000000000000000000000000000000000000000000000000000000000000000000000
 000000000000000000000000000000000000000000000000000000000000000000000000000000000000000000000000000000000000000000000000000000000000000000000000000000
 000000020000000000000000000000000000000000000000000000000000000000000000000000000000000000000000000000000000000000000000000000000000000000000000000000
 000000020000000000000000000000000000000000000000000000000000000000000000000000000000000000000000000000000000000000000000000000000000000000000000000000
 000000200000000000000000000002000000000000000000000000000000000000000000002222000000000000000000000000000000000000000000000000000000000000000000000000
 000002000000000000000000000222200000000000000000000000000000002222000000022000020000000000000000000000000000000000000000000000000000000000000000000000
 000000000000000000000000002200020000000000000000000000000000000202200000220000002000022220000000000200000000000000000000000000000000000000000000000000
 000020000000000000000000002000220000000000000000000000022200000200200000222200002222220020002200000220000000000002222222000000000000000000000000000000
 000200000000000000000000002002200000000000000000000002200022000200200000000220000000000022002222222020000000220022000002200000000000000000000000000000
 000200000000000000000000002022000000000000000000000022000002200200200000000020000000000002222000000020000000202200000000000000000000000000000000000000
 000222000000000000000000022220000000000000000022220020000000222202200000000220000000000000000000000020000002200000000000220000000000000000000000000000
 000002220000000000000000222200000000000000222220020020000000000002000000002200000000000000000000000020000020000000000000020022222222000000000000000000
 000000020000000000000000000000000000000002200000022220000000000000000000002200000000000000000000000002000200000000000000002220000000000000000000000000
 000000000000000000000000000000000000000002000000000000000000000020000000000200000000000000000000000002002200000000000000000000000000000000000000000000
 000000200000000000000000000000000000000002000000000000000000000000000000000200000000000000000000000002222000000000000000000000000000002220000000000000
 000002000000000000000000000000000000000002000000000000000000000200000000222200000000000000000000000000000000000000000000000000000002222002200000000000
 000002000000000000000000000000000002220020000000000000000000002000000020000000000000000000000000000000000000000000000000000000000000000000222200000000
 000002000000000000000000000000000002000200000000000000000000000000002200000000000000000000000000000000000000000000000000000000000000000000000200000000
 000002000000000000000000000000000020020200000000000000000000020000002200000000000000000000000000000000000000000000000000000000000000000000000000000000
 000000000000000000000000000000000220022200000000000000000000200000000220000000000000000000000000000000000000000000000000000000000000000000000020000000
 000022000000000000000000000000000020000000000000000000000000200000000020000000000000000000000000000000000000000000000000000000000000000000000000000000
 000020000000000000000000000000000220000000000000000000000000000000002220000000000000000000000000000000000000000000000000000000000000000000000002000000
 000200000000000000000000000000000200000000000000000000000002000000022000000000000000000000000000000000000000000000000000000000000000000000000000222200
 000200000000000000000000000000000200000000000000000000000020000000220000000000000000000000000000000000000000000000000000000000000000000000000000000000
 002000000000000000000000000000000200000000000000000000000020000000200000000000000000000000000000000000000000000000000000000000000000000000000000000200
 200000000000000000000000000000002200000000000000000000000020000000200000000000000000000000000000000000000000000000000000000000000000000000000000000200
 000000000000000000000000000002222000000000000000000000000020000000220000000000000000000000000000000000000000000000000000000000000000000000000000000022
 000000000000000000000000000022000000000000000000000000000020000000002000000000000000000000000000000000000000000000000000000000000000000000000000000000
 000000000220000000000000000020000000000000000000000000000002000000000200000000000000000000000000000000000000000000000000000000000000000000000000000000
 000000002000000000000000000020000000000000000000000000000000000000000002000000000000000000000000000000000000000000000000000000000000000000000000000000
 000000220002200000000000000022200000000000000000000000000000000000000000022000000000000000000000000000000000000000000000000000000000000000000000000000
 000002000000200000000000000000200000000000000000000000000000020000000000002000000000000000000000000000000000000000000000000000000000000000000000000000
 000020000000200000000000000000200000000000000000000000000000020000000000002000000000000000000000000000000000000000000000000000000000000000000000000000
 000200000002000000000000000000220000000000000000000000000000020000000000000000000000000000000000000000000000000000000000000000000000000000000000000000
 000200000002000000000000000000022220000000000000000000000000000000000000000000000000000000000000000000000000000000000000000000000000000000000000000000
 000000000002000000000000000000000022000000000000000000000000002000000000000000000000000000000000000000000000000000000000000000000000000000000000000000
 000020000002000000000000000000000002000000000000000000000000000000000000020000000000000000000000000000000000000000000000000000000000000000000000000000
 000020000002000000000000000000000002000000000000000000000000000000000000000000000000000000000000000000000000000000000000000000000000000000000000000000
 000020000000200000000000002222000002000000000000000000000002000000000000002200000000000000000000000000000000000000000000000000000000000000000000000000
 000020000000200000000000200002000222000000000000000000000002000000000000000022222200000000000000000000000000000000000000000000000000000000000000000000
 022200000000200000000000200000200200000000000000000000000000000000000000000000000200000000000000000000000000000000000000000000000000000000000000000000
 200000000000000000000000200000222000000000000000000000000000000020002000000000000200000000000000000000000000000000000000000000000000000000000000000000
 000000000000200000000002200000000000000000000000000000000020000000000000000000000200000000000000000000000000000000000000000000000000000000000000000000
 000000000000000000000022000000000000000000000000000000000000000200000200000000000020022222222222200000000000000000000000000000000000000000000000000000
 200000000022000000000020000000000000000000000000000000000200000200000020000000000000000000000000000000000000000000000000000000000000000000000000000000
 020000002200000000000002000000000000000000000000000000002000002000000000000000000000000000000000022000000000000000000000000000000000000000000000000000
 000200020000000000000002000000000000000000000000000000020000020000000000000000000000000000000000002000000000000000000000000000000000000000000000000000
 000002200000000000000002000000000000000000000000000000020000200000000002000000000000000000000000002000000000000000000000000000000000000000000000000022
 000000000000000000002202000000000000000000000000000000020002000000000002000000200000000000000222222000000000000000000000000000000000000000000000000220
 000000000000000000002222000000000000000000000000000000020000000000000002000200002000000222220000000000000000000000000000000000000000000000000000002000
 000000000000000000002000000000000000000000000000000000002220000000000002000000000022220000000000000000000000000000000000000000000000000002222222200000
 200000000000000000000000000000000000000000000000000000000000000000000002002000000000000000000000000000000000000000000000000000000000000020000000000000
 000000000000000000020000000000000000000000000000000000000000000000000000222000000000000000000000000000000000000000000000000000000000222200000000000000
 022000000000000000220000000000000000000000000000000000000000000000000000000000000000000000000000000000000000000000000000000000000000200000000000000000
 002000000000000000020000000000000000000000000000000000000000000000000000000000000000000000000000000000000000000000000000000000000000222222222000000000
 000000000000000000020000000000000000000000000000000000000000000000000000000000000000000000000000000000000000000000000000000000000000000000000000000000
 000200000000000000020000000000000000000000000000000000000000000000000000000000000000000000000000000000000000000000000000000000000000000000000000000000
 000000000000000000000000000000000000000000000000000000000000000000000000000000000000000000000000000000000000000000000000000000000000000000000200000000
 200002000000000000002000000000000000000000022222000000000000000000000000000000000000000000000000000000000000000000000000000000000000000002222000000000
 022200000000000000002000000000000000000000200000020000000000000000000000000000000000000000000000000000000000000000000000000000000000002220000000000000
 000000000000000000002222220000000000002222000000000000000000000000000000000000000000000000000000000000000000000000000000000000000000200000000000000000
 000000000000000000000000000200002220020000000000020000000000000000000000000000000000000000000000000000000000000000000000000000000002000000000000000000
 000000000000000000000000000200002020200000000000200000000000000000000000000000000000000000000000000000000000000000000000000000000200000000000000000000
 000000000000000000000000000200200002000000222222000000000000000000000000000000000000000000000000000000000000000000000000000000020000000000000000000000
 000000000000000000000000000222000000000020000000000000000000000000000000000000000000000000000000000000000000000000000000000000220000000000000000111110
 000000000000000000000000000000000000000200000000000000000000000000000000000000000000000000000000000000000000000000000000000000200000000000000011000000
 000000000000000000000000000000000000000200000000000000000000000000000000000000000000000000000000000000000000000000000000000002000000000000001110000000
 000000000000000000000000000000000000002000000000000000000000000000000000000000000000000000000000000000000000000000000000002220000000000000100000000000
 000000000000000000000000000000000002200000000000000000000000000000000000000000000000000000000000000000000000000000000000022000000000000000100000000000
 000000000000200000000000000000000002000000000000000000000000000000000000000000000000000000000000000000000000000000000000200000000000000010000000000000
 000000000002020000000000000000000002000000000000000000000000000000000000000000000000000000000000000000000000000000000002000000000000001110000000000000
 000000000200000000000000000000000220000000000000000000000000000000000000000000000000000000000000000000000000000000022202000000000000100000000000000000
 000000000200002000000000000000000200000000000000000000000000000000000000000000000000000000000000000000000000002022000000000000000011000000000000000000
 000000000000000000000000000000000222000000000000000000000000000000000000000000000000000000000000000000000000002000000000000000001000000000000000000000
 000000002000020000000000000000000000020000000000000000000000000000000000000000000002220000000000000000000000000000000000000000010000000000000000000000
 000000002000200000000000222200000000020000000000000000000000000000000000000000000002000000000000000000000000002000000000000000100000000000000000000000
 000000000002000000000002000200000000020000000000000000000000000000000000000000000020002000000000000000000000220000000000000000000000000000000000000000
 000000000200000000000000000020000000220000000000000000000000000000000000000000000020000002200000000000000002000000000000000001000000000000000000000000
 000000000000000000000020000002000000022200000000000000000000000000000000000000000020000000200000000022200000000000000000000001000000000000000000000000
