 000000000000000000000000000000000000000000000000000000000000000000000000000000000000000000000000000000050000000000000000000000550000050055500050000000
 000000000000000000000000000000000000000000000000000000000000000000000000000000000000000000000000000000000000000000000000000055555500055000550050000000
 000000000000000000000000000000000000000000000000000000000000000000000000000000000000000000000000000000000000000000000000000550000500005000050550000000
 000000000000000000000000000000000000000000000000000000000000000000000000000000000000000000000000000055555000055550000000555000000550055000055500000000
 000000000000000000000000000000000000000000000000000000000000000000000000000000000000000000000000000050005000050005000005500000000050055550055500000000
 000000000000000000000000000000000000000000000000000000000000000000000000000000000000000000000000555500000555550000550555000000000050000055550500005550
 000000000000000000000000000000000000000000000000000000000000000000000000000000000000000000000000550000000000000000055000000000000500000000500050055005
 000000000000000000000000000000000000000000000000000000000000000000000000000000000000000000000000055000000000000000000000000000000500000000000055550005
 000000000000000000000000000000000000000000000000000000000000000000000000000000000000000000000000005000000000000000000000000000000500000000000005000005
 000000000000000000000000000000000000000000000000000000000000000000000000000000000000000000000000005500000000000000000000000000000550000000000000000000
 000000000000000000000000000000000000000000000000000000000000000000000000000000000000000000000000000500000000000000000000000000000050000000000000000000
 000000000000000000000000000000000000000000000000000000000000000000000000000000000000000000000000000555555000000000000000000000000050000000000000000000
 000000000000000000000000000000000000000000000000000000000000000000000000000000000000000000000000000000005000000000000000000000000050000000000000000000
 000000000000000000000000000000000000000000000000000000000000000000000000000000000000000000000000000000005000000000000000000000000055550000000000000000
 000000000000000000000000000000000000000000000000000000000000000000000000000000000000000000000000005555555000000000000000000000000000005555500000000000
 000000000000000000000000000000000000000000000000000000000000000000000000000000000000000000000000005500000000000000000000000000000000000000500000000000
 000000000000000000000000000000000000000000000000000000000000000000000000000000000000000000000000000550000000000000000000000000000000000000500000000000
 000000000000000000000000000000000000000000000000000000000000000000000000000000000000000000000000500050000000000000000000000000000000000000550000000000
 000000000000000000000000000000000000000000000000000000000000000000000000000000000000000000000050000055000000000000000000000000000000000000050000000000
 000000000000000000000000000000000000000000000000000000000000000000000000000000000000000000000055000005000000000000000000000000000000000000050000000000
 000000000000000000000000000000000000000000000000000000000000000000000000000000000000000000000555000055000000000000000000000055555000000000005500000000
 000000000000000000000000000000000000000000000000000000000000000000000000000000000000000000000505005550000000000000000000000550005000000000000555000000
 000000000000000000000000000000000000000000000000000000000000000000000000000000000000000000000505550000000000000000000000000500005000000000000005000000
 000000000000000000000000000000000000000000000000000000000000000000000000000000000000000000000500000000000000000000000000000500005000000000000000555000
 000000000000000000000000000000000000000000000000000000000000000000000000000000000000000000005000000000000000000000000000055500055000000000000000005500
 000000000000000000000000000000000000000000000000000000000000000000000000000000000000000000005000000000000000000000000005550000050000000000000000000500
 000000000000000000000000000000000000000000000000000000000000000000000000000000000000000000005000000000000000000000000005000000055000000000000000000500
 000000000000000000000000000000000000000000000000000000000000000000000000000000000000000000000500000000000000000000000005000000005500000000000000000555
 000000000000000000000000000000000000000000000000000000000000000000000000000000000000000000000550000000000000000000000005000000000500000005550000000005
 000000000000000000000000000000000000000000000000000000000000000000000000000000000000000000000055550000000000000000000005550000000500000055050000000000
 000000000000000000000000000000000000000000000000000000000000000000000000000000000000000000000055055500555000000000000000005500000500000550050000000000
 000000000000000000000000000000000000000000000000000000000000000000000000000000000000000000000000000555505500000000000000000500000500005500050000000000
 000000000000000000000000000000000000000000000000000000000000000000000000000000000000000000000000000005000500000000000000000500000500005000550000000000
 000000000000000000000000000000000000000000000000000000000000000000000000000000000000000000000000000000000550000000000000000500000500005000500000000000
 000000000000000000000000000000000000000000000000000000000000000000000000000000000000000000000000000000000055000000000000000500000500005005500000000000
 000000000000000000000000000000000000000000000000000000000000000000000000000000000000000000000000000000000005555555555000005500005500055000550000000000
 000000000000000000000000000000000000000000000000000000000000000000000000000000000000000000000000000000000000000000000500055000055000050000055000000000
 000000000000000000000000000000000000000000000000000000000000000000000000000000000000000000000000000000000000000000000055550000055550050000005000000000
 000000000000000000000000000000000000000000000000000000000000000000000000000000000000000000000000000000000000000000000000000000000055500000005000000000
 000000000000000000000000000000000000000000000000000000000000000000000000000000000000000000000000000000000005500050000000000000000005500000005000000000
 000000000000000000000000000000000000000000000000000000000000000000000000000000000000000000000000000000000000000000000000000000000000000000005000000055
 000000000000000000000000000000000000000000000000000000000000000000000000000000000000000000000000000000000000000000000050000000000000000000005500000550
 000000000000000000000000000000000000000000000000000000000000000000000000000000000000000000000000000000000000000000000000000000000000000000000555005500
 000000000000000000000000000000000000000000000000000000000000000000000000000000000000000000000000000000000000000000000000000000000000000000000000550000
 000000000000000000000000000000000000000000000000000000000000000000000000000000000000000000000000000000000000000000000000000000000000000000000000000000
 000000000000000000000000000000000000000000000000000000000000000000000000000000000000000000000000000000000000000000000000000000000000000000000000000000
 000000000000000000000000000000000000000000000000000000000000000000000000000000000000000000000000000000000000000000000000000000000000000000000000000000
 000000000000000000000000000000000000000000000000000000000000000000000000000000000000000000000000000000000000000000000000000000000000000000000000000000
 000000000000000000000000000000000000000000000000000000000000000000000000000000000000000000000000000000000000000000000000000000000000000000000000000000
 000000000000000000000000000000000000000000000000000000000000000000000000000000000000000000000000000000000000000000000000000000000000000000000000000000
 000000000000000000000000000000000000000000000000000000000000000000000000000000000000000000000000000000000000000000000000000000000000000000000000000000
 000000000000000000000000000000000000000000000000000000000000000000000000000000000000000000000000000000000000000000000000000000000000000000000000000000
 000000000000000000000000000000000000000000000000000000000000000000000000000000000000000000000000000000000000000000000000000000000000000000000000000000
 000000000000000000000000000000000000000000000000000000000000000000000000000000000000000000000000000000000000000000000000000000000000000000000000000000
 100000000000000000000000000000000000000000000000000000000000000000000000000000000000000000000000000000000000000000000000000000000000000000000000000000
 010000000000000000000000000000000000000000000000000000000000000000000000000000000000000000000000000000000000000000000000000000000000000000000000000000
 001110000000000000000000000000000000000000000000000000000000000000000000000000000000000000000000000000000000000000000000000000000000000000000000000000
 000001000000000000000000000000000000000000000000000000000000000000000000000000000000000000000000000000000000000000000000000000000000000000000000000000
 000000011000000000000000000000000000000000000000000000000000000000000000000000000000000000000000000000000000000000000000000000000000000000000000000000
 000000000100000000000000000000000000000000000000000000000000000000000000000000000000000000000000000000000000000000000000000000000000000000000000000000
 000000000100000000000000000000000000000000000000000000000000000000000000000000000000000000000000000000000000000000000000000000000000000000000000000000
 000000000100000000000000000000000000000000000000000000000000000000000000000000000000000000000000000000000000000000000000000000000000000000000000000000
 000000000100000000000000000000000000000000000000000000000000000000000000000000000000000000000000000000000000000000000000000000000000000000000000000000
 000000000100000000000000000000000000000000000000000000000000000000000000000000000000000000000000000000000000000000000000000000000000000000000000000000
 000000000000000000000000000000000000000000000000000000000000000000000000000000000000000000000000000000000000000000000000000000000000000000000000000000
 000000001000000000000000000000000000000000000000000000000000000000000000000000000000000000000000000000000000000000000000000000000000000000000000000000
 000000011000000000000000000000000000000000000000000000000000000000000000000000000000000000000000000000000000000000000000000000000000000000000000000000
 000000010000000000000000000000000000000000000000000000000000000000000000000000000000000000000000000000000000000000000000000000000000000000000000000000
 000000010000000000000000000000000000000000000000000000000000000000000000000000000000000000000000000000000000000000000000000000000000000000000000000000
 000000010000000000000000000000000000000000000000000000000000000000000000000000000000000000000000000000000000000000000000000000000000000000000000000000
 000000100000000000000000000000000000000000000000000000000000000000000000000000000000000000000000000000000000000000000000000000000000000000000000000000
 000001000000000000000000000000000000000000000000000000000000000000000000000000000000000000000000000000000000000000000000000000000000000000000000000000
 000001000000000000000000000000000000000000000000000000000000000000000000000000000000000000000000000000000000000000000000000000000000000000000000000000
 000001100000000000000000000000000000000000000000000000000000000000000000000000000000000000000000000000000000000000000000000000000000000000000000000000
 000000001100000000000000000000000000000000000000000000000000000000000000000000000000000000000000000000000000000000000000000000000000000000000000000000
 000000011000000000000000000000000000000000000000000000000000000000000000000000000000000000000000000000000000000000000000000000000000000000000000000000
 000000100000000000000000000000000000000000000000000000000000000000000000000000000000000000000000000000000000000000000000000000000000000000000000000000
 000001100000000000000000000000000000000000000000000000000000000000000000000000000000000000000000000000000000000000000000000000000000000000000000000000
 000011000000000000000000000000000000000000000000000000000000000000000000000000000000000000000000000000000000000000000000000000000000000000000000000000
 111100000000000000000000000000000000000000000000000000000000000000000000000000000000000000000000000000000000000000000000000000000000000000000000000000
 000000000000000000000000000000000000000000000000000000000000000000000000000000000000000000000000000000000000000000000000000000000000000000000000000000
 000000000000000000000000000000000000000000000000000000000000000000000000000000000000000000000000000000000000000000000000000000000000000000000000000000
 000000000000000000000000000000000000000000000000000000000000000000000000000000000000000000000000000000000000000000000000000000000000000000000000000000
 011000000000000000000000000000000000000000000000000000000000000000000000000000000000000000000000000000000000000000000000000000000000000000000000000000
 111111100000000000000000000000000000000000000000000000000000000000000000000000000000000000000000000000000000000000000000000000000000000000000000000000
 000000110000000000000000000000000000000000000000000000000000000000000000000000000000000000000000000000000000000000000000000000000000000000000000000000
 000000010000000000000000000000000000000000000000000000000000000000000000000000000000000000000000000000000000000000000000000000000000000000000000000000
 000000010000000000000000000000000000000000000000000000000000000000000000000000000000000000000000000000000000000000000000000000000000000000000000000000
 000000000000000000000000000000000000000000000000000000000000000000000000000000000000000000000000000000000000000000000000000000000000000000000000000000
 000000010000000000000000000000000000000000000000000000000000000000000000000000000000000000000000000000000000000000000000000000000000000000000000000000
 000111100000000000000000000000000000000000000000000000000000000000000000000000000000000000000000000000000000000000000000000000000000000000000000000000
 001100000000000000000000000000000000000000000000000000000000000000000000000000000000000000000000000000000000000000000000000000000000000000000000000000
 001000000000000000000000000000000000000000000000000000000000000000000000000000000000000000000000000000000000000000000000000000000000000000000000000000
 001111100000000000000000000000000000000000000000000000000000000000000000000000000000000000000000000000000000000000000000000000000000000000000000000000
 000000110000000000000000000000000000000000000000000000000000000000000000000000000000000000000000000000000000000000000000000000000000000000000000000000
 000000010000000000000000000000000000000000000000000000000000000000000000000000000000000000000000000000000000000000000000000000000000000000000000000000
 000000010000000000000000000000000000000000000000000000000000000000000000000000000000000000000000000000000000000000000000000000000000000000000000000000
 000000010000000000000000000000000000000000000000000000000000000000000000000000000000000000000000000000000000000000000000000000000000000000000000000000
 000000010000000000000000000000000000000000000000000000000000000000000000000000000000000000000000000000000000000000000000000000000000000000000000000000
 000000010000000000000000000000000000000000000000000000000000000000000000000000000000000000000000000000000000000000000000000000000000000000000000000000
