 000000000000000000005000000000555500000000000000000000000000000550000000000000000000000000000000000000000000000002000000000020000000000000000000000000
 000000000000000000000500000000500500000000000000000000000000005000000000000000000000000000000000000000000000000000000000000022200000000000000000000000
 000000000000000000000050000000500500000000000000000000000000050000000000000000000000000000000000000000000000000000000000000000200000000000000000000000
 000000000000000000000050555000500500000000000000000000000000500000000000000000000000000000000000000000000000000000000000000000200000000000000000000000
 000000000000000000000005005000500050000000000000000000000005000000000000000000000000000000000000000000000000000000000000000000200000000000000000000000
 000000000000000000000005005000500050000000000000000000000050000000000000000000000000000000000000000000000000000000000000002000200000000000000000000000
 000000000000000000000000005000500050000555000000055555555500000000000000000000000000000000000000000000000000000000000000202000200000000000000000000000
 000000000000000000000000000555000005000000555555550000000000000000000000000000000000000000000000000000000000000000000000002222200000000000000000000000
 000000000000000000000000000000000000005000000000000000000000000000000000000000000000000000000000000000000000000000000002002002000000000000000000000000
 000000000000000000000005500000000000550000000000000000000000000000000000000000000000000000000000000000022022220000000002022002000000000000000000000000
 000000000000000000000005550000000000000000000000000000000000000000000000000000000000000000000000000022200000002200000000200000200000000000000000000000
 000000000000000000000005050000000000000000000000000000000000000000000000000000000000000000000000000000000000000020000000000000220000000000000000000000
 000000000000000000000005050000000000000000000000000000000000000000000000000000000000000000000000000200000000000002000000000000022000000000000000000000
 000000000000000000000055050000000000000000000000000000000000000000000000000000000000000000000000002000000000000002000000000000002200000000000000000000
 000000000000000000000050050000000000000000000000000000000000000000000000000000000000000000000000020000000000000000220000000020000200000000000000000000
 000000000000000000000055000000000000000000000000000000000000000000000000000000000000000000000000200000000000000000020000000000002200000000000000000000
 000000000000000000000005000000000000000000000000000000000000000000000000000000000000000000000002000000000000000000020000000000002000000000000000000000
 000000000000000000000055000000000000000000000000000000000000000000000000000000000000000000000002000000000000000000020000000000000000000000000000000000
 000000000000000000000055000000000000000000000000000000000000000000000000000000000000000000000002000000000000000000220000000000002000000000000000000000
 000000000000000000000000000000000000000000000000000000000000000000000000000000000000000000000002000000000000000022000000000000000200000000000000000000
 000000000000000000000000000000000000000000000000000000000000000000000000000000000000000000000220000000000000000000000002000000000020000000000000000000
 000000000000000000000000000000000000000000000000000000000000000000000000000000000000000000000200000000000000000200000220200000000020000000000000000000
 000000000000000000000000000000000000000000000000000000000000000000000000000000000000000000000200000000000000000000000200000000000022000000000000000000
 000000000000000000000000000000000000000000000000000000000000000000000000000000000000000000000200000000000000002000000000020000000002000000000000000000
 000000000000000000000000000000000000000000000000000000000000000000000000000000000000000000000000000000000000000000002000002000000022000000000000000000
 000000000000000000000000000000000000000000000000000000000000000000000000000000000000000000000000000000000000020000002000000220000022000000000000000000
 000000000000000000000000000000000000000000000000000000000000000000000000000000000000000000000200000000000000200000000200000020000000200000000000000000
 000000000000000000000000000000000000000000000000000000000000000000000000000000000000000000000220000000000002200000000220000002200000200000000000000000
 000000000000000000000000000000000000000000000000000000000000000000000000000000000000000000000000200000002220000000000002002220000000200000000000000000
 000000000000000000000000000000000000000000000000000000000000000000000000000000000000000000000000002222222000000000000002222000000022000000000000000000
 000000000000000000000000000000000000000000000000000000000000000000000000000000000000000000000000000000000000000000000000000000000020000000000000000000
 000000000000000000000000000000000000000000000000000000000000000000000000000000000000000000000000000000000000000000000000000000000020000000000000000000
 000000000000000000000000000000000000000000000000000000000000000000000000000000000000000000000000000000000000000000000000000000000020000000000000000000
 000000000000000000000000000000000000000000000000000000000000000000000000000000000000000000000000000000000000000000000000000000000020000000000000000000
 000000000000000000000000000000000000000000000000000000000000000000000000000000000000000000000000000000000000000000000000000000000020000000000000000000
 000000000000000000000000000000000000000000000000000000000000000000000000000000000000000000000000000000000000000000000000000000000020000000000000000000
 000000000000000000000000000000000000000000000000000000000000000000000000000000000000000000000000000000000000000000000000000000000020000000000000000000
 000000000000000000000000000000000000000000000000000000000000000000000000000000000000000000000000000000000000000000000000000000000200000000000000000000
 000000000000000000000000000000000000000000000000000000000000000000000000000000000000000000000000000000000000000000000000000000000200000000000000000000
 000000000000000000000000000000000000000000000000000000000000000000000000000000000000000000000000000000000000000000000000000000000200000000000000000000
 000000000000000000000000000000000000000000000000000000000000000000000000000000000000000000000000000000000000000000000000000000002000000000000000000000
 000000000000000000000000000000000000000000000000000000000000000000000000000000000000000000000000000000000000000000000000000000002000000000000000000000
 000000000000000000000000000000000000000000000000000000000000000000000000000000000000000000000000000000000000000000000000000000002000000000000000000000
 000000000000000000000000000000000000000000000000000000000000000000000000000000000000000000000000000000000000000000000000000000000000000000000000000000
 000000000000000000000000000000000000000000000000000000000000000000000000000000000000000000000000000000000000000000000000000000020000000000000000000000
 000000000000000000000000000000000000000000000000000000000000000000000000000000000000000000000000000000000000000000000000000000020000000000000000000000
 000000000000000000000000000000000000000000000000000000000000000000000000000000000000000000000000000000000000000000000000000000020000000000000000000000
 000000000000000000000000000000000000000000000000000000000000000000000000000000000000000000000000000000000000000000000000000000220000000000000000000000
 000000000000000000000000000000000000000000000000000000000000000000000000000000000000000000000000000000000000000000000000000002000000000000000000000000
 000000000000000000000000000000000000000000000000000000000000000000000000000000000000000000000000000000000000000000000000222222000000000000000000000000
 000000000000000000000000000000000000000000000000000000000000000000000000000000000000000000000000000000000000000000000002000000000000000000000000000000
 000000000000000000000000000000000000000000000000000000000000000000000000000000000000000000000000000000000000000000000020000000000000000000000000000000
 000000000000000000000000000000000000000000000000000000000000000000000000000000000000000000000000000000000000000000000200000000000000000000000000000000
 000000000000000000000000000000000000000000000000000000000000000000000000000000000000000000000000000000000000000000002000000000000000000000000000000000
 000000000000000000000000000000000000000000000000000000000000000000000000000000000000000000000000000000000000000222220000000000000000000000000000000000
 000000000000000000000000000000000000000000000000000000000000000000000000000000000000000000000000000000000000020000000000000000000000000000000000000000
 000000000000000000000000000000000000000000000000000000000000000000000000000000000000000000000000000000000002200000000000000000000000000000000000000000
 000000000000000000000000000000000000000000000000000000000000000000000000000000000000000000000000000000000020000000000000000000000000000000000000000000
 000000000000000000000000000000000000000000000000000000000000000000000000000000000000000000000000000022222200000000000000000000000000000000000000000000
 000000000000000000000000000000000000000000000000000000000000000000200000000000000000000000000000000000000000000000000000000000000000000000000000000000
 000000000000000000000000000000000000000000000000000000000000000000020000000000000000000000000000000200000000000000000000000000000000000000000000000000
 000000000000000000000000000000000000000000000000000000000000000020002000000000000000000000000000000200000000000000000000000000000000000000000000000000
 000000000000000000000000000000000000000000000000000000000000002220000200000000000000000000000000000200000000000000000000000000000000000000000000000000
 000000000000000000000000000000000000000000000000000000000000200000000020000000000000000000000000000200000000000000000000000000000000000000000000000000
 000000000000000000000000000000000000000000000000000000002222000000000002000000000000000000000000000200000000000000000000000000000000000000000000000000
 000000000000000000000000000000000000000000000000000000020000000000000000000000000000000000000000000200000000000000000000000000000000000000000000000000
 000000000000000000000000000000000000000000000000000000200000000000000000200000000000000000000000000200000000000000000000000000000000000000000000000000
 000000000000000000000000000000000000000000000000000002000000000000000000222200000000000000000000000020000000000000000000000000000000000000000000000000
 000000000000000000000000000000000000000000000000000020000000000000000000000020000000000000000000000020000000000000000000000000000000000000000000000000
 000000000000000000000000000000000000000000000000000200000000000000000000000002000000000000000000000020000000000000000000000000000000000000000000000000
 000000000000000000000000000000000000000000000000000000000000000000000000000000200000000000000000000020000000000000000000000000000000000000000000000000
 000000000000000000000000000000000000000000000000022000000000000000000000000000020000000000000000000020000000000000000000000000000000000000000000000000
 000000000000000000000000000000000000000000000000020000000000000000000000000000002000200000002200000000000000000000000000000000000000000000000000000000
 000000000000000000000000000000000000000000000000020000000000000000000000000000000222022000020022000200000000000000000000000000000000000000000000000000
 000000000000000000000000000000000000000000000000020000000000000000000000000000000000000222200000000200000000000000000000000000000000000000000000000000
 000000000000000000000000000000000000000000000000022000000000000000000000000000000000000000000000222000000000000000000000000000000000000000000000000000
 000000000000000000000000000000000000000000000000000022000000000000000000000000000000000000000000000000000000000000000000000000000000000000000000000000
 000000000000000000000000000000000000000000000000000002000000000000000000000000000000000000000000000000000000000000000000000000000000000000000000000000
 000000000000000000000000000000000000000000000000000000200000000000000000000000000000000000000000000000000000000000000000000000000000000000000000000000
 000000000000000000000000000000000000000000000000000000200000000000000000000000000000000000000000000000000000000000000000000000000000000000000000000000
 000000000000000000000000000000000000000000000000000000020000000000000000000000000000000000000000000000000000000000000000000000000000000000000000000000
 000000000000000000000000000000000000000000000000000000002000000000000000000000000000000000000000000000000000000000000000000000000000000000000000000000
 000000000000000000000000000000000000000000000000000000002200000000002222000000000000000000000000000000000000000000000000000000000000000000000000000000
 000000000000000000000000000000000000000000000000000000000200000000020000200000000000000000000000000000000000000000000000000000000000000000000000000000
 000000000000000000000000000000000000000000000000000000000022220000000000000000000000000000000000000000000000000000000000000000000000000000000000000000
 000000000000000000000000000000000000000000000000000000000000000222200000020000000000000000000000000000000000000000000000000000000000000000000000000000
 000000000000000000000000000000000000000000000000000000000000000000000000020000000000000000000000000000000000000000000000000000000000000000000000000000
 000000000000000000000000000000000000000000000000000000000000000000000000002000000000000000000000000000000000000000000000000000000000000000000000000000
 000000000000000000000000000000000000000000000000000000000000000000000000000000222222000000000000000000000000000000000000000000000000000000000000000002
 000000000000000000000000000000000000000000000000000000000000000000000000000222000000200000000000000000000000000000000000000000000000000000000000000002
 000000000000000000000000000000000000000000000000000000000000000000000000000000000000200000000000000000000000000000000000000000000000000000000000000002
 000000000000000000000000000000000050000000000000000000000000000000000000000000000000200000000000000000000000000000000000000000000000000000000000000020
 000000000000000000000000000000000005000000000000000000000000000000000000000000000000200000000000000000000000000000000000000000000000000000000000000020
 000000000000000000000000000000000500500000000555000000000000000000000000000000000000000000000000000000000000000000000000000000000000000000000000000020
 000000000000000000000000000000000500050000000505000000000000000000000000000000000000022000000000000000000000000000000000000000000000000000000000000022
 000000000000000000000000000000000500005000000505000000000000000000000000000000000000002000000000000000000000000000000000000000000000000000000000000002
 000000000000000000000000000000000500005000005000000000000000000000000000000000000000002000000000000000000000000000000000000000000000000000000000000000
 000000000000000000000000000000000000005000000500500000000000000000000000000000000000002000000000000000000000000000000000000000000000000000000000000000
 000000000000000000000000000000000050050000000500000000000000000000000000000000000000002000000000000000000000000000000000000000000000000000000000000000
 000000000000000000000000000000000000500000000555000000000000000000000000000000000000000200000000000000000000000000000000000000000000000000000000000000
