 000000000000000000000000000000000000000000000010000000000000000000000000000000000000000000000000000000000000000000000000000000000000000000000000000000
 000000000000000000000000000000000000000000000110000000000000000000000000000000000000000000000000000000000000000000000000000000000000000000000000000000
 000000000000000000000000000000000000000000001100000000000000000000000000000000000000000000000000000000000000000000000000000000000000000000000000000000
 000000000000000000000000000000000000000000001000000000000000000000000000000000000000000000000000000000000000000000000000000000000000000000000000000000
 000000000000000000000000000000000000000000001000000000000000000000000000110000000000000000000000000000000000000000000000000000000000000000000000000000
 000000000000000000000000000000000000000000011000000000000000000000000001100000000000000000000000000000000000000000000000000000000000000000000000000000
 000000000000000000000000000000000000000011110000000000000000000000000010010000000000000000000000000000000000000000000000000000000000000000000000000000
 000000000000000000000000000000000000000010000000111111111100011111111000010000000000000000000000000000000000000000000000000000000000000000000000000000
 000000000000000000000000000000000000000010000001000000000010100000000111000000000000000000000000000000000000000000000000000000000000000000000000000000
 000000000000000000000000000000000000000010100011000000000000000000001000000000000000000000000000000000000000000000000000000000000000000000000000000000
 000000000000000000000000000000000000000010000100000000000000000000001100000000000000000000000000000000000000000000000000000000000000000000000000000000
 000000000000000000000000000000000000000010000100000000000000000000000111000000000000000000000000000000000000000000000000000000000000000000000000000000
 000000000000000000000000000000000000000010000100000000000000000000000001100000000000000000000000000000000000000000000000000000000000000000000000000000
 000000000000000000000000000000000000000011111000000000000000000000000011000000000000000000000000000000000000000000000000000000000000000000000000000000
 000000000000000000000000000000000000000000000000000000000000000000000110000000000000000000000000000000000000000000000000000000000000000000000000000000
 000000000000000000000000000000000000000000000000000000000000000000001100000000000000000000000000000000000000000000000000000000000000000000000000000000
 000000000000000000000000000000000000000000000000000000000000000000001000000000000000000000000000000000000000000000000000000000000000000000000000000000
 000000000000000000000000000000000000000000000000000000000000000000001000000000000000000000000000000000000000000000000000000000000000000000000000000000
 000000000000000000000000000000000000000000000000000000000000000000001000000000000000000000000000000000000000000000000000000000000000000000000000000000
 000000000000000000000000000000000000000000000000000000000000000000110000000000000000000000000000000000000000000000000000000000000000000000000000000000
 000000000000000000000000000000000000000000000000000000000000000000100000000000000000000000000000000000000000000000000000000000000000000000000000000000
 000000000000000000000000000000000000000000000000000000000000000011000000000000000000000000000000000000000000000000000000000000000000000000000000000000
 000000000000000000000000000000000000000000000000000000000000000010000000000000000000000000000000000000000000000000000000000000000000000000000000000000
 000000000000000000000000000000000000000000000000000000000000000010000000000000000000000000000000000000000000000000000000000000000000000000000000000000
 000000000000000000000000000000000000000000000000000000000000000010000000000000000000000000000000000000000000000000000000000000000000000000000000000000
 000000000000000000000000000000000000000000000000000000000000000100000000000000000000000000000000000000000000000000000000000000000000000000000000000000
 000000000000000000000000000000000000000000000000000000000000001000000000000000000000000000000000000000000000000000000000000000000000000000000000000000
 000000000000000000000000000000000000000000000000000000000000010000000000000000000000000000000000000000000000000000000000000000000000000000000000000000
 000000000000000000000000000000000000000000000000000000000000110000000000000000000000000000000000000000000000000000000000000000000000000000000000000000
 000000000000000000000000000000000000000000000000000000000000100000000000000000000000000000000000000000000000000000000000000000000000000000000000000000
 000000000000000000000000000000000000000000000000000000000000100000000000000000000000000000000000000000000000000000000000000000000000000000000000000000
 000000000000000000000000000000000000000000000000000000000000100000000000000000000000000000000000000000000000000000000000000000000000000000000000000000
 000000000000000000000000000000000000000000000000000000000000110000000000000000000000000000000000000000000000000000000000000000000000000000000000000000
 000000000000000000000000000000000000000000000000000000000001000000000000000000000000000000000000000000000000000000000000000000000000000000000000000000
 000000000000000000000000000000000000000000000000000000000011000000000000000000000000000000000000000000000000000000000000000000000000000000000000000000
 000000000000000000000000000000000000000000000000000000000100000000000000000000000000000000000000000000000000000000000000000000000000000000000000000000
 000000000000000000000000000000000000000000000000000000000100000000000000000000000000000000000000000000000000000000000000000000000000000000000000000000
 000000000000000000000000000000000000000000000000000000000100000000000000000000000000000000000000000000000000000000000000000000000000000000000000000000
 000000000000000000000000000000000000000000000000000000001100000000000000000000000000000000000000000000000000000000000000000000000000000000000000000000
 000000000000000000000000000000000000000000000000000000011000000000000000000000000000000000000000000000000000000000000000000000000000000000000000000000
 000000000000000000000000000000000000000000000000000000000000000000000000000000000000000000000000000000000000000000000000000000000000000000000000000000
 000000000000000000000000000000000000000000000000000000100000000000000000000000000000000000000000000000000000000000000000000000000000000000000000000000
 000000000000000000000000000000000000000000000000000000000000000000000000000000000000000000000000000000000000000000000000000000000000000000000000000000
 000000000000000000000000000000000000000000000000000010000000000000000000000000000000000000000000000000000000000000000000000000000000000000000000000000
 000000000000000000000000000000000000000000000000000100000000000000000000000000000000000000000000000000000000000000000000000000000000000000000000000000
 000000000000000000000000000000000000000000000000001000000000000000000000000000000000000000000000000000000000000000000000000000000000000000000000000000
 000000000000000000000000000000000000000000000000010000000000000000000000000000000000000000000000000000000000000000000000000000000000000000000000000000
 000000000000000000000000000000000000000000000000000000000000000000000000000000000000000000000000000000000000000000000000000000000000000000000000000000
 000000000000000000000000000000000000000000000000100000000000000000000000000000000000000000000000000000000000000000000000000000000000000000000000000000
 000000000000000000000000000000000000000000000001100000000000000000000000000000000000000000000000000000000000000000000000000000000000000000000000000000
 000000000000000000000000000000000000000000000010000000000000000000000000000000000000000000000000000000000000000000000000000000000000000000000000000000
 000000000000000000000000000000000000000000000000000000000000000000000000000000000000000000000000000000000000000000000000000000000000000000000000000000
 000000000000000000000000000000000000000001111000000000000000000000000000000000000000000000000000000000000000000000000000000000000000000000000000000000
 000000000000000000000000000000000000000000000000000000000000000000000000000000000000000000000000000000000000000000000000000000000000000000000000000000
 000000000000000000000000000000000000001100000000000000000000000000000000000000000000000000000000000000000000000000000000000000000000000000000000000000
 000000000000000000000000000000000000011000000000000000000000000000000000000000000000000000000000000000000000000000000000000000000000000000000000000000
 000000000000000000000000000000000000000000000000000000000000000000000000000000000000000000000000000000000000000000000000000000000000000000000000000000
 000000000000000000000000000000000000010000000000000000000000000000000000000000000000000000000000000000000000000000000000000000000000000000000000000000
 000000000000000000000000000011110000100000000000000000000000000000000000000000000000000000000000000000000000000000000000000000000000000000000000000000
 000000000000000000000000000100010001000000000000000000000000000000000000000000000000000000000000000000000000000000000000000000000000000000000000000000
 000000000000000000000000000000001010000000000000000000000000000000000000000000000000000000000000000000000000000000000000000000000000000000000000000000
 000000000000000000000000001000000110000000000000000000000000000000000000000000000000000000000000000000000000000000000000000000000000000000000000000000
 000000000000000000000000000110000000000000000000000000000000000000000000000000000000000000000000000000000000000000000000000000000000000000000000000000
 000000000000000000000000000110000000000000000000000000000000000000000000000000000000000000000000000000000000000000000000000000000000000000000000000000
 000000000000000000000000001100000000000000000000000000000000000000000000000000000000000000000000000000000000000000000000000000000000000000000000000000
 000000000001111000000011011000000000000000000000000000000000000000000000000000000000000000000000000000000000000000000000000000000000000000000000000000
 000000000001001000000010000000000000000000000000000000000000000000000000000000000000000000000000000000000000000000000000000000000000000000000000000000
 000000000000000111000110000000000000000000000000000000000000000000000000000000000000000000000000000000000000000000000000000000000000000000000000000000
 000000000001000000101000000000000000000000000000000000000000000000000000000000000000000000000000000000000000000000000000000000000000000000000000000000
 000000000001000000000000000000000000000000000000000000000000000000000000000000000000000000000000000000000000000000000000000000000000000000000055500000
 000000000000100000000000000000000000000000000000000000000000000000000000000000000000000000000000000000000000000000000000000000000000000000000050555050
 000000000000010000000000000000000000000000000000000000000000000000000000000000000000000000000000000000000000000000000000000000000000000000500050005550
 000000000000010000000000000000000000000000000000000000000000000000000000000000000000000000000000000000000000000000000000000000000000000005550550000000
 000000000000010000000000000000000000000000000000000000000000000000000000000000000000000000000000000000000000000000000000000000000000000555050500000000
 000000000000110000000000000000000000000000000000000000000000000000000000000000000000000000000000000000000000000000000000000000000000000500055500000000
 000000000001000000000000000000000000000000000000000000000000000000000000000000000000000000000000000000000000000000000000000000000000005500000000000000
 000000000001000000000000000000000000000000000000000000000000000000000000000000000000000000000000000000000000000000000000000000000000005500000000000000
 000000000110000000000000000000000000000000000000000000000000000000000000000000000000000000000000000000000000000000000000000000000000000500000000000000
 000000000100000000000000000000000000000000000000000000000000000000000000000000000000000000000000000000000000000000000000000000050000000500000000000000
 000000000100000000000000000000000000000000000000000000000000000000000000000000000000000000000000000000000000000000000000000000055500000500000000000000
 000000001000000000000000000000000000000000000000000000000000000000000000000000000000000000000000000000000000000000000000000000550550000550000000000000
 000000010000000000000000000000000000000000000000000000000000000000000000000000000000000000000000000005555000000000000000000000050055000055000000000000
 000000010000000000000000000000000000000000000000000000000000000000000000000000000000000000000000000055005500055550000000000000055005500005000000000000
 000000100000000000000000000000000000000000000000000000000000000000000000000000000000000000000000000005555550550055000000000000005000555555000000000000
 000011000000000000000000000000000000000000000000000000000000000000000000000000000000000000000000000000000055500005550000000000000500000000000000000000
 000000000000000000000000000000000000000000000000000000000000000000000000000000000000000000000000000000000500000000055000000000000500000000000000000000
 000010000000000000000000000000000000000000000000000000000000000000000000000000000000000000000000000000005000000000005500000000000500000000000000000000
 000010000000000000000000000000000000000000000000000000000000000000000000000000000000000000000000000000005555000000000550000000000500000000000000000000
 000010000000000000000000000000000000000000000000000000000000000000000000000000000000000000000000000555000000500000000050000000000500000000000000000000
 000001000000000000000000000000000000000000000000000000000000000000000000000000000000000000000000005505500000500000000050000000000500000000000000000000
 000001100000000000000000000000000000000000000000000000000000000000000000000000000000000000000000005000555555500000000050000000005000000000000000000000
 000000100000000000000000000000000000000000000000000000000000000000000000000000000000000000000000005000000000000000000050000005550000000000000000000000
 000000010000000000000000000000000000000000000000000000000000000000000000000000000000000000000000005000000000000000000050000005000000000000000000000000
 000000100000000000000000000000000000000000000000000000000000000000000000000000000000000000000000005000000000000000000050000055000000000000000000000000
 000001000000000000000000000000000000000000000000000000000000000000000000000000000000000000000000005000000000000000000055550005500000000000000000000000
 000010000000000000000000000000000000000000000000000000000000000000000000000000000000000000000000005000000000000000000000055500500000000000000000000000
 000010000000000000000000000000000000000000000000000000000000000000000000000000000000000000000000005550000000000000000000000500500000000000000000000000
 001000000000000000000000000000000000000000000000000000000000000000000000000000000000000000000000000050000000005555555550000555500000000000000000000000
 001000000000000000000000000000000000000000000000000000000000000000000000000000000000000000000000000050000000055000000050000000000000000000000000000000
 001000000000000000000000000000000000000000000000000000000000000000000000000000000000000000000000000050000000550000000050000000000000000000000000000000
