 000000000000000000000000000000000000000100000000000000110000000000000000000100000000000000000000000000000000011000000000000000000000000000000000000000000000000000000000000000000000
 000000000000000000000000000000000000000100000000000000110000000000000000000110000000000000000000000000000000010000000000000000000000000000000000000000000000000000000000010100000000
 000000000000000000000000000000000000000110000000000000110000000000000000000111000000000000000000000000000000000000000011100000000110110000000000000000000000000000000111100011111000
 000000000000000000000000000000000000000001000000000000110000000000000000000000100000000000000000000000000000010000000011100001010111110000000000000000000000000000000100000000001000
 000000000000000000000000000000000011110001000000000000011000000000000000000001110000000000000000000000000001110000000000001110000011110000000000000001110000000000000100000000001000
 000000000000000000000000000000000011110001100000000000000100000000000000000000011000000000000000000000000010000000000100000110000110000000000000000001100000000000000110000000000000
 000000000000000000000000000000000011100001100000000000000111001010000000000000010000000000000000000000000110000000011100000000001100000000000000000001110000000000000111100000001000
 000000000000000000000000000000000000010000010000000000000011010000000000000000010000000000000000000000001100000000011000000000110000000000000000000000000000000000000001000000001000
 000000000000000000000000000000000000000000010000000000000000100011100000000000011000000000000000000000000110000000011000000000010000000000000000000000000000000000000001110000000000
 000000000000000000000000000000000000000000010000000000000001110011100000000000011000000000000000000000000010000000011000000000010000000000000000000000000000000000000000001111000000
 000000000000000000000000000000000000000000011100000000000000000000000000000000011000000000000000000000000110000000010000001100001000000000000000000000000000000000000000000000000000
 000000000000000000000000000000000000000000011100000000000000000111100010010000011111011100000000000000001110000000010000111100001100000000000000011100011101111110000000010100000010
 000000000000000000000000000000000000000000000010000000000000000010000011110000000000001100001110000000001000000000000000010010000100000000000000011100011001000010000000011000000001
 000000000000000000000000000000000000000000000011000000000000000110000011110000000000001111101111100000000100000000001100011000000100000000000000000010011111101100010000011000000000
 000000000000000000000000000000000000000000000000100000000000000110000000000000000000000000000000011000110000000000001110011010001100000000000000010000000000000011010000000000110000
 000000000000000000000000000000000000000000000000110000000000000110000000000000000000000000000000011011111000000000000010011011000111000000000000011100000000000011110000000001111010
 000000000000000000000000000000000000000000000000001000000000000110000000000000000000000000000000000000000000000000000010000000000011000000000000000000000000000000000000000000000111
 000000000000000000000000000000000000000000000000001100000000000110000000000000000000000000000000000000000000000000000010010000000011000000000000000000000000000000000000000000000011
 000000000000000000000000000000000000000000000000000011000000000010000000000000000000000000000000000000000000000000000100000000001111000000000000000000000000000000000000000000000000
 000000000000000000000000000000000000000000000000000011100000000110000000000000000000000000000000000000000000000000000010000000100001000000000000000000000000000000000000000000000000
 000000000000000000000000000000000000000000000000000011110000000010000000000000000000000000000000000000000000000000000100010000000111000000000000000000000000000000000000000000000000
 000000000000000000000000000000000000000000000000000000011000000110000000000000000000000000000000000000000000000000000000000000000111000000000000000000000000000000000000000000000000
 000000000000000000000000000000000000000000000000000000011011110110000000000000000000000000000000000000000000000000000010110000000110000000000000000000000000000000000000000000001110
 000000000000000000000000000000000000000000000000000000000100000000001000000000000000000000000000000000000000000000000000000000000000000000000000000000000000000000000000000000001110
 000000000000000000000000000000000000000000000000000000000000011111110111110000000000000000000000000000000000000000000000000000000000000000000000000000000000000000000000000000001101
 000000000000000000000000000000000000000000000000000000000000011000000000100000000000000000000000000000000000000000000000000000000000000000000000000000000000000000000000000000001010
 000000000000000000000000000000000000000000000000000000000000010100000000001111111110111111111111000000000000000000000000000000000000000000000000000000000000000000000000000000000010
 000000000000000000000000000000000000000000000000000000000000000010000000001111111100000111011001000000000000000000000000000000000000000000000000000000000000000000000000000000000000
 000000000000000000000000000000000000000000000000000000000000000011000000000000000000000000011111000000000000000000000000000000000000000000000000000000000000000000000000000000000000
 000000000000000000000000000000000000000000000000000000000000000011111100000000000000000000011111000000000000000000000000000000000000000000000000000000000000000000000000000000000000
 000000000000000000000000000000000000000000000000000000000000000000000011101011000000000000010101000000000000000000000000000000000000000000000000000000000000000000000000000000000000
 000000000000000000000000000000000000000000000000000000000000000000000011111111111000000000000100010011100000000000000000000000000000000000000000000000000000000000000000000000000000
 000000000000000000000000000000000000000000000000000000000000000000000000000000000100100000000000010011100000001000000000000000000000000000000000000000000000000000000000000000000000
 000000000000000000000000000000000000000000000000000000000000000000000000000000000011111111111110010000101011110001100000111111110000000000001111111100000000000000000000000000000000
 000000000000000000000000000000000000000000000000000000000000000000000000000000000000000000000000100001001010000001010000000001100000000000001100100100000000000000000000000000000000
 000000000000000000000000000000000000000000000000000000000000000000000000000000000000000000000000000000000111001001010000111111110000000011110000111100000000000000000000000000000000
 000000000000000000000000000000000000000000000000000000000000000000000000000000000000000000000000000000000000100000000000000000000000000011100011000000000000000000000000000000000000
 000000000000000000000000000000000000000000000000000000000000000000000000000000000000000000000000000000000000000000000010100000000000000010001110000000000000000000000000000000000000
 000000000000000000000000000000000000000000000000000000000000000000000000000000000000000000000000000000000000000000000000011000000000011000011110000000000000000000000000000000000000
 000000000000000000000000000000000000000000000000000000000000000000000000000000000000000000000000000000000000000000000011001000000000011000100000000000000000000000000000000000000000
 000000000000000000000000000000000000000000000000000000000000000000000000000000000000000000000000000000000000000000000011101000000000011111100000000000000000000000000000000000000000
 000000000000000000000000000000000000000000000000000000000000000000000000000000000000000000000000000000000000000000000000000000000000000000000000000000000000000000000000000000000000
 000000000000000000000000000000000000000000000000000000000000000000000000000000000000000000000000000000000000000000000000000000000000000000000000000000000000000000000000000000000000
 000000000000000000000000000000000000000000000000000000000000000000000000000000000000000000000000000000000000000000000000000000000000000000000000000000000000000000000000000000000000
 000000000000000000000000000000000000000000000000000000000000000000000000000000000000000000000000000000000000000000000000000000000000000000000000000000000000000011111100101110000000
 000000000000000000000000000000000000000000000000000000000000000000000000000000000000000000000000000000000000000000000000000000000000000000000000000000000000000011111100011110000000
 000000000000000000000000000000000000000000000000000000000000000000000000000000000000000000000000000000000000000000000000000000000000000000000000000000000000000010000000011010000000
 000000000000000000000000000000000000000000000000000000000000000000000000000000000000000000000000000000000000000000000000000000000000000000000000000000000000000011101100011000111110
 000000000000000000000000000000000000000000000000000000000000000000000000000000000000000000000000000000000000000000000000000000000000000000000000000000000000000000001001011000001111
 000000000000000000000000000000000000000000000000000000000000000000000000000000000000000000000000000000000000000000000000000000000000000000000000000000000000000000011011110000000000
 000000000000000000000000000000000000000000000000000000000000000000000000000000000000000000000000000000000000000000000000000000000000000000000000000000000000000000010000000000000000
 000000000000000000000000000000000000000000000000000000000000000000000000000000000000000000000000000000000000000000000000000000000000000000000000000000000000000011000000000000000000
 000000000000000000000000000000000000000000000000000000000000000000000000000000000000000000000000000000000000000000000000000000000000000000000000000000000000000010000000000000000000
 000000000000000000000000000000000000000000000000000000000000000000000000000000000000000000000000000000000000000000000000000000000000000000000000000000000000001110000000000000000000
 000000000000000000000000000000000000000000000000000000000000000000000000000000000000000000000000000000000000000000000000000000000000000000000000000000000000001110000000000000000000
 000000000000000000000000000000000000000000000000000000000000000000000000000000000000000000000000000000000000000000000000000000000000000000000000000111000000001000000000000000000000
 000000000000000000000000000000000000000000000000000000000000000000000000000000000000000000000000000000000000000000000000000000000000000000000000011000110000001000000000000000000000
 000000000000000000000000000000000000000000000000000000000000000000000000000000000000000000000000000000000000000000000000000000000000000000000010000000010000000000000000000000000000
 000000000000000000000000000000000000000000000000000000000000000000000000000000000000000000000000000000000000000000000000000000000000000000001101100000001111101000000000000000000000
 000000000000000000000000000000000000000000000000000000000000000000000000000000000000000000000000000000000000000000000000000000000000000000001000000000000111101100000000000000000000
 000000000000000000000000000000000000000000000000000000000000000000000000000000000000000000000000000000000000000000000000000000000000000000111100000000000000111000000000000000000000
 000000000000000000000000000000000000000000000000000000000000000000000000000000000000000000000000000000000000000000000000000000000000000000100000000000000000000000000000000000000000
 000000000000000000000000000000000000000000000000000000000000000000000000000000000000000000000000000000000000000000000000000000000000000000000000000000000000000000000000000000000000
 000000000000000000000000000000000000000000000000000000000000000000000000000000000000000000000000000000000000000000000000000000000000000000100000000000000000000000000000000000000000
 000000000000000000000000000000000000000000000000000000000000000000000000000000000000000000000000000000000000000000000000000000000000000100100000000000000000000000000000000000000000
 000000000000000000000000000000000000000000000000000000000000000000000000000000000000000000000000000000000000000000000000000000000000011011000000000000000000000000000000000000000000
 000000000000000000000000000000000000000000000000000000000000000000000000000000000000000000000000000000000000000000000000000000000000011000000000000000000000000000000000000000000000
 000000000000000000000000000000000000000000000000000000000000000000000000000000000000000000000000000000000000000000000000000000000111111000000000000000000000000000000000000000000000
 000000000000000000000000000000000000000000000000000000000000000000000000000000000000000000000000000000000000000000000000000000001100010000000000000000000000000000000000000000000000
 000000000000000000000000000000000000000000000000000000000000000000000000000000000000000000000000000000000000000000000000000000000000000000000000000000000000000000000000000000000000
 000000000000000000000000000000000000000000000000000000000000000000000000000000000000000000000000000000000000000000000000000000001000000000000000000000000000000000000000000000000000
 000000000000000000000000000000000000000000000000000000000000000000000000000000000000000000000000000000000000000000000000000000001000000000000000000000000000000000000000000000000000
 000000000000000000000000000000000000000000000000000000000000000000000000000000000000000000000000000000000000000000000000000000001100000000000000000000000000000000000000000000000000
 000000000000000000000000000000000000000000000000000000000000000000000000000000000000000000000000000000000000000000000000000000000000000000000000000000000000000000000000000000000000
 000000000000000000000000000000000000000000000000000000000000000000000000000000000000000000000000000000000000000000000000000000010000000000000000000000000000000000000000000000000000
 000000000000000000000000000000000000000000000000000000000000000000000000000000000000000000000000000000000000000000000000000000100000000000000000000000000000000000000000000000000000
 000000000000000000000000000000000000000000000000000000000000000000000000000000000000000000000000000000000000000000000000000011000000000000000000000000000000000000000000000000000000
 000000000000000000000000000000000000000000000000000000000000000000000000000000000000000000000000000000000000000000000000000011000000000000000000000000000000000000000000000000000000
 000000000000000000000000000000000000000000000000000000000000000000000000000000000000000000000000000000000000000000000000111100000000000000000000000000000000000000000000000000000000
 000000000000000000000000000000000000000000000000000000000000000000000000000000000000000000000000000000000000000000001000111000000000000000000000000000000000000000000000000000000000
 000000000000000000000000000000000000000000000000000000000000000000000000000000000000000000000000000000000000000111111010000000000000000000000000000000000000000000000000000000000000
 000000000000000000000000000000000000000000000000000000000000000000000000000000000000000000000000000000000000000111100000000000000000000000000000000000000000000000000000000000000000
 000000000000000000000000000000000000000000000000000000000000000000000000000000000000000000000000000000000001111100000000000000000000000000000000000000000000000000000000000000000000
 000000000000000000000000000000000000000000000000000000000000000000000000000000000000000000000000000000000110000000000000000000000000000000000000000000000000000000000000000000000000
 000000000000000000000000000000000000000000000000000000000000000000000000000000000000000000000000000000011000000000000000000000000000000000000000000000000000000000000000000000000000
 000000000000000000000000000000000000000000000000000000000000000000000000000000000000000000000000000011100000000000000000000000000000000000000000000000000000000000000000000000000000
 000000000000000000000000000000000000000000000000000000000000000000000000000000000000000000000000000111000000000000000000000000000000000000000000000000000000000000000000000000000000
 000000000000000000000000000000000000000000000000000000000000000000000000000000000000000000000000011100000000000000000000000000000000000000000000000000000000000000000000000000000000
 000000000000000000000000000000000000000000000000000000000000000000000000000000000000000000000000011000000000000000000000000000000000000000000000000000000000000000000000000000000000
 000000000000000000000000000000000000000000000000000000000000000000000000000000000000000000000001110000000000000000000000000000000000000000000000000000000000000000000000000000000000
