 000111110000000000000000000000000000000000000000000000000000000000000000000000000000000000000011001110000000000000000000111110000000000000000000000000000000000000000000000000000000
 000100010000000000000000000000000000000000000000000000000000000000000000000000000000000000001100000000000000000000000000000000000000000000000000000000000000000000000000000000000000
 111100010000000000000000000000000000000000000000000000000000000000000000000000000000000011111100000000000000000000000000000000000000000000000000000000000000000000000000000000000000
 000000010000000000000000000000000000000000000000000000000000000000000000111110100000010100000000000000000000000000000000000000000000000000000000000000000000000000000000000000000000
 000000011000000000000000000000000000000000000000000000000000000000000001110101110010111000000000000000000000000000000000000000000000000000000000000000000000000000000000000000000000
 000000010000000000000000000000000000000000000000000000000000000000000010000000000010000000000000000000000000000000000000000000000000000000000000000000000000000000000000000000000000
 000000011100000000000000000000000000000000000000000000000000000000011000000000000110000000000000000000000000000000000000000000000000000000000000000000000000000000000000000000000000
 000000000000000000000000000000000000000000000000000000000000000000100000000000010010000000000000000000000000000000000000000000000000000000000000000000000000000000000000000000000000
 000000000010000000000000000000000000000000000000000000000000000000100000000000010010000000000000000000000000000000000000000000000000000000000000000000000000000000000000000000000000
 000000000011110000000000000000000000000000000000000000000000000010100000000001111011100000000000000000000000000000000000000000000000000000000000000000000000000000000000000000000000
 000000000000000000000000000000000000000000000000000000000000000010000000000001010000100000000000000000000000000000000000000000000000000000000000000000000000000000000000000000000000
 000000000000001000000000000000000000000000000000000000000000000110000000000110000001100000000000000000000000000000000000000000000000000000000000000000000000000000000000000000000000
 000000000000001000000000000000000000000000000000000000000000000110000000001000000010000000000000000000000000000000000000000000000000000000000000000000000000000000000000000000000000
 000000000000001100000000000000000000000000000000000000000000001110000000000000000010000000000000000000000000000000000000000000000000000000000000000000000000000000000000000000000000
 000000000000000010000000000000000000000000000000000000000000000100000000001000000010000000000000000000000000000000000000000000000000000000000000000000000000000000000000000000000000
 000000000000000011000000000000000000000000000000000000000000000010000000000000000110000000000000000000000000000000000000001111111100000000000000000000000000000000000000000000000000
 000000000000000011000000000000000000000000000000000000000000000110000000000110011000000000000000000000000000000000000000001001101100000000000000000000000000000000000000000000000000
 000000000000000011000000000000000000000000000000000000000000000000000000000000000000000000000000000000000000000000000000001000001100000000000000000000000000000000000000000000000000
 000000000000000011000000000000000000000000000000000000000000000001100000000000000000000000000000000000000000000000000000000000001100000000000000000000000000000000000000000000000000
 000000000000000000000000000000000000000000000000000000000000000001100000000000000000000000000000000000000000000000000000000000001100000000000000000000000000000000000000000000000000
 000000000000000011100000000000000000000000000000000000000000000000101000000000000000000000000000000000000000000000000000010000000100000000000000000000000000000000000000000000000000
 000000000000000011000000000110000000000000000000000000000000000000001000000000000000000000000000000000000000000000000000000000000100000000000000000000000000000000000000000000000000
 000000000000000010000000000110000000000000000000000000000000000000001110000000000000000000000000000000000000000000000000110000000000000000000000000000000000000000000000000000000000
 000000000000000011000000010001000000000000000000000000000000000000000110000000000000000000000000000000000000000000000000110000000100000000000000000000000000000000000000000000000000
 000000000000000010000000110000100000000000000000000000000000000000000001110000000000000000000000000000000000000000000000110000000100000000000000000000000000000000000000000000000000
 000000000000000010000011000000100000000000000000000000000000000000000000110000000000000000000000000000000000000000000000100000010000000000000000000000000000000000000000000000000000
 000000000000000011101011000000100000000000000000000000000000000000000000010000000000000000000000000000000000000000000000000000110000000000000000000000000000000000000000000000000000
 000000000000000011111111000000110000000000000000000000000000000000000000001100000000000000000000000000000000000000000001000000010000000000000000000000000000000000000000000000000000
 000000000000000000000000000000110000000000000000000000000000000000000000001100000000000000000000000000000000000000000000100000000000000000000000000000000000000000000000000000000000
 000000000000000000000000000000110000000000000000000000000000000000000000000100000000000000000000000000000000000000000000100001111000000000000000000000000000000000000000000000000000
 000000000000000000000000000000100000000000000000000000000000000000000000000100000000000000000000000000000000000000000000101000100000000000000000000000000000000000000000000000000000
 000000000000000000000000000000110000000000000000000000000000000000000000000011000000000000000000000000000000000000000000101100110000000000000000000000000000000000000000000000000000
 000000000000000000000000000000000000000000000000000000000000000000000000000011000000000000000000000000000000000000000000001100110000000000000000000000000000000000000000000000000000
 000000000000000000000000000000000000000000000000000000000000000000000000000011000000000000000000000000000000000000000000001000110001110000000000000000000000000000000000000000000000
 000000000000000000000000000000001000000000000000000000000000000000000000000001000000000000000000000000000000000000000000000100000100110000000000000000000000000000000000000000000000
 000000000000000000000000000000001100000000100000000000000000000000000000000001000000000000000000000000000000000000000000000000000101000000000000000000000000000000000000000000000000
 000000000000000000000000000000001100000111110000000000000000000000000000000011000000000000000000000000000000000000000000000010000111001110000000000000000000000000000000000000000000
 000000000000000000000000000000000110000000010000000000000000000000000000000001000000000000000000000000000000000000000000001000000000000110000000000000000000000000000000000000000000
 000000000000000000000000000000000010000000010000000000000000000000000000000001000000000000000000000000000000000000000000001100000000011100000000000000000000000000000000000000000000
 000000000000000000000000000000000010000000001011000000000000000000000000000011000000000000000000000000000000000000000000001100000000000000111000000000000000000000000000000000000000
 000000000000000000000000000000000010000100000011110000000000000000000000000011000000000000000000000000000000000000000000001110000000000000000110000000000000000000000000000000000000
 000000000000000000000000000000000010000100000000001100000000000000000000000011000000000000000000000000000000000000000000000000000000000000100110000000000000000000000000000000000000
 000000000000000000000000000000000001000100000000001100000000000000000000000011000000000000000000000000000000000000000000000000011111000000110110000000000000000000000000000000000000
 000000000000000000000000000000000011000100000000000000000000000000000000000010000000000000000000000000000000000000000000000000011111000000100110000000000000000000000000000000000000
 000000000000000000000000000000000011001100000000000010000000000000000000000000000000000000000000000000000000000000000000000000011001000000111010000000000000000000000000000000000000
 000000000000000000000000000000000010011100000000000010000000000000000000001100000000000000000000000000000000000000000000000000011001110000101110000000000000000000000000000000000000
 000000000000000000000000000000000010010000000000000001000000000000000000110000000000000000000000000000000000000000001000000000000011110000101000000000000000000000000000000000000000
 000000000000000000000000000000000000110000000000000011111000000000000011110000000000000000000000000000000000000000011000000000011111011010111000000000000000000000000000000000000000
 000000000000000000000000000000000000110000000000000000000100000000011100000000000000000000000000000000000000000000010110000000000001011110111000000000000000000000000000000000000000
 000000000000000000000000000000000000110000000000000000000111000000111000000000000000000000000000000000000000000000001110000000000111111111111000000000000000000000000000000000000000
 000000000000000000000000000000000010110000000000000000000000100000100000000000000000000000000000000000000000000000010000000000000100110000100000000000000000000000000000000000000000
 000000000000000000000000000000001010111100000000000000000001000011100000000000000000000000000000000000000000000111000000000000000100110101100011110000000000000000000000000000000000
 000000000000000000000000000000001100010100000000000000000001000010000000000000000000000000000000000000000000000111000000000000000011010000000010110000000000000000000000000000000000
 000000000000000000000000000000001100000100000000000000000001011110000000000000000000000000000000000000000000001011000000000000000001110000000010110000000000000000000000000000000000
 000000000000000000000000000000001100000100000000000000000001101110000000000000000000000000000000000000000000010011000000000000000001110000111100010000000000000000000000000000000000
 000000000000000000000000000000001000000100000000000000000000000000000000000000000000000000000000000000000000001100000000000000000000010000110000110000000000000000000000000000000000
 000000000000000000000000000000001110000011000000000000000000000000000000000000000000000000000000000000000000011100000000000000000001000111000000010000000000000000000000000000000000
 000000000000000000000000000000000011000001000000000000000000000000000000000000000000000000000000000000000000000000000000000000000001000110000000010000000000000000000000000000000000
 000000000000000000000000000000000011000001000000000000000000000000000000000000000000000000000000000000000000000000000000000000000001001000000000010000000000000000000000000000000000
 000000000000000000000000000000000000110000000000000000000000000000000000000000000000000000000000000000000000000000000000000000000001110010000000000000000000000000000000000000000000
 000000000000000000000000000000000000011000110000000000000000000000000000000000000000000000000000000000000000000000000000000000000001110010000000001000000000000000000000000000000000
 000000000000000000000000000000000000001000110000000000000000000000000000000000000000000000000000000000000000000000000000000000000000000010000000001000000000000000000000000000000000
 000000000000000000000000000000000000001000011100000000000000000000000000000000000000000000000000000000000001000000000000000000000000000000000011110000000000000000000000000000000000
 000000000000000000000000000000000000000100000011100000000000000000000000000000000000000000000000000000001101011100000000000000000000000010000111110000000000000000000000000000000000
 000000000000000000000000000000000000000110000001000000000000000000000000000000000000000000000000000000000100001100000000000000000000000010000010000000000000000000000000000000000000
 000000000000000000000000000000000000000111000000111000000000000000000000000000000000000000000000000000001000001100000000000000000000000011001000000000000000000000000000000000000000
 000000000000000000000000000000000000000001000000011000000000000000000000000000000000000000000000000000011000001011000000000000000000000000001110000000000000000000000000000000000000
 000000000000000000000111000000000000000001000000001110000000000000000000000000000000000000000000000000110000000000110000000000000000000000001110000000000000000000000000000000000000
 000000000000000000000001100000000000000001000000000010000000000000000000000000000000000000000000000000000000000000010000000000000000000000000000000000000000000000000000000000000000
 000000000000000000000100011111011000000001000000000010000000000000000000000000000000000000000000011111100000000000010000000000000000000000000000000000000000000000000000000000000000
 000000000000000000000100000000011000000001100000000001000000000000000000000000000000000000000000011011000000000011000000000000000000000000000000000000000000000000000000000000000000
 000000000000000000000110000000010000000001100000000000000000000000000000000000000000000000000001000000000000000001000000000000000000000000000000000000000000000000000000000000000000
 000000000000000000000111000000000100000001100000000000000000000000000000000000000000000000000001000000000000001011000000000000000000000000000000000000000000000000000000000000000000
 000000000000000000000001110000000100000001100000000001000000000000000000000000000000000000000001000000000000001100000000000000000000000000000000000000000000000000000000000000000000
 000000000000000000000001110000000010000001110000000001000000000000000000000000000000000000000110000000000000001100000000000000000000000000000000000000000000000000000000000000000000
 000000000000000000000000001000000001000000010000000001000000000000000000000000000000000000000100000000000000001000000000000000000000000000000000000000000000000000000000000000000000
 000000000000000000000000000010000000011100011100000000000000000000000000000000000000000000011000000000000000011100000000000000000000000000000000000000000000000000000000000000000000
 000000000000000000000000000001000000001100000000000000000000000000000000000000000000000000111000000000000000011000000000000000000000000000000000000000000000000000000000000000000000
 000000000000000000000000000000100000000011000100000001110000000000000000000000000000111111000000000000000000001100000000000000000000000000000000000000000000000000000000000000000000
 000000000000000000000000000000100000000111000011000000110000000000000000000000000000110000000000000000000000000100000000000000000000000000000000000000000000000000000000000000000000
 000000000000000000000000000000110000000001000011000000010000000000000000000000000000110000000000000000000000000000000000000000000000000000000000000000000000000000000000000000000000
 000000000000000000000000000000110100000001111011111000001100000000000000000000000000100000000000000000000000000100000000000000000000000000000000000000000000000000000000000000000000
 000000000000000000000000000000001100000000000101001100001100000000000000000000000000100000000000000000000000000110000000000000000000000000000000000000000000000000000000000000000000
 000000000000000000000000000000001111000000000011101111000100000000000000000110011011100000000000000000000000000011000000000000000000000000111000000001100000000000000000000000000000
 000000000000000000000000000000000011000000000000100000101100000000000000000100000001100000000000000000000000000001000000000000000000000000111000000001101000000000000000000000000000
 000000000000000000000000000000000011000000000000111010011100000000000000000100000000000000000000000000000000000000000000001101111111111111101000000001011010000000000000000000000000
 000000000000000000000000000000000011000000000000010010100000000000000000000100000000000000000000000000000000000101000000001000000011111110100000000001110110000000000000000000000000
 000000000000000000000000000000000011100000000000000111010000000000000000000100000000000000000000000000000000001100000000000000100010100000100000000001000110000000000000000000000000
 000000000000000000000000000000000000100000000000000000110000000000000000000100000000000000000000000000000000001000000000000110010000000000000000000000010000000000000000000000000000
 000000000000000000000000000000000000011000000000000000010000000000000000000110000000000000000000000000000000000000000000000000000000000000000000000000000000000000000000000000000000
