 000000000000000000000000000000000000000000000000000000000000000000000000000000000000000000000000000000000000000000000000000000000000000000000000000000000000000000000000000000000000
 000000000000000000000000000000000000000000000000000000000000000000000000000000000000000000000000000000000000000000000000000000000000000000000000000000000000000000000000000000000000
 000000000000000000000000000000000000000000000000000000000000000000000000000000000000000000000000000000000000000000000000000000000000000000000000000000000000000000000000000000000000
 000000000000000000000000000000000000000000000000000000000000000000000000000000000000000000000000000000000000000000000000000000000000000000000000000000000000000000000000000000000000
 000000000000000000000000000000000000000000000000000000000000000000000000000000000000000000000000000000000000000000000000000000000000000000000000000000000000000000000000000000000000
 000000000000000000000000000000000000000000000000000000000000000000000000000000000000000000000000000000000000000000000000000000000000000000000000000000000000000000000000000000000000
 000000000000000000000000000000000000000000000000000000000000000000000000000000000000000000000000000000000000000000000000000000000000000000000000000000000000000000000000000000000000
 000000000000000000000000000000000000000000000000000000000000000000000000000000000000000000000000000000000000000000000000000000000000000000000000000000000000000000000000000000000000
 000000000000000000000000000000000000000000000000000000000000000000000000000000000000000000000000000000000000000000000000000000000000000000000000000000000000000000000000000000000000
 000000000000000000000000000000000000000000000000000000000000000000000000000000000000000000000000000000000000000000000000000000000000000000000000000000000000000000000000000000000000
 000000000000000000000000000000000000000000000000000000000000000000000000000000000000000000000000000000000000000000000000000000000000000000000000000000000000000000000000000000000000
 000000000000000000000000000000000000000000000000000000000000000000000000000000000000000000000000000000000000000000000000000000000000000000000000000000000000000000000000000000000000
 000000000000000000000000000000000000000000000000000000000000000000000000000000000000000000000000000000000000000000000000000000000000000000000000000000000000000000000000000000000000
 000000000000000000000000000000000000000000000000000000000000000000000000000000000000000000000000000000000000000000000000000000000000000000000000000000000000000000000000000000000000
 000000000000000000000000000000000000000000000000000000000000000000000000000000000000000000000000000000000000000000000000000000000000000000000000000000000000000000000000000000000000
 000000000000000000000000000000000000000000000000000000000000000000000000000000000000000000000000000000000000000000000000000000000000000000000000000000000000000000000000000000000000
 000000000000000000000000000000000000000000000000000000000000000000000000000000000000000000000000000000000000000000000000000000000000000000000000000000000000000000000000000000000000
 000000000000000000000000000000000000000000000000000000000000000000000000000000000000000000000000000000000000000000000000000000000000000000000000000000000000000000000000000000000000
 000000000000000000000000000000000000000000000000000000000000000000000000000000000000000000000000000000000000000000000000000000000000000000000000000000000000000000000000000000000000
 000000000000000000000000000000000000000000000000000000000000000000000000000000000000000000000000000000000000000000000000000000000000000000000000000000000000000000000000000000000000
 000000000000000000000000000000000000000000000000000000000000000000000000000000000000000000000000000000000000000000000000000000000000000000000000000000000000000000000000000000000000
 000000000000000000000000000000000000000000000000000000000000000000000000000000000000000000000000000000000000000000000000000000000000000000000000000000000000000000000000000000000000
 000000000000000000000000000000000000000000000000000000000000000000000000000000000000000000000000000000000000000000000000000000000000000000000000000000000000000000000000000000000000
 000000000000000000000000000000000000000000000000000000000000000000000000000000000000000000000000000000000000000000000000000000000000000000000000000000000000000000000000000000000000
 000000000000000000000000000000000000000000000000000000000000000000000000000000000000000000000000000000000000000000000000000000000000000000000000000000000000000000000000000000000000
 000000000000000000000000000000000000000000000000000000000000000000000000000000000000000000000000000000000000000000000000000000000000000000000000000000000000000000000000000000000000
 000000000000000000000000000000000000000000000000000000000000000000000000000000000000000000000000000000000000000000000000000000000000000000000000000000000000000000000000000000000000
 000000000000000000000000000000000000000022222222222222222222222222222222222022002222222222222220000000000000000000000000000000000000000000000000000000000000000000000000000000088880
 000000000000000000000000000000000000000020022202200000000000000220200000002000000000200200000220002002000000000000000000000000000000000000000000000000000000000000000000000000008000
 000000000000000000222222222222220202220200000000000000000000000000000000000000000000000000000000000000002222222222222000000000000000000000000000000000000888888888888888880008888000
 000000000000000000202000022222002000000000000000000000000000000000000000000000000000000000000000000000000002220022022000000000000000000800000000000000000808880080000800000000000000
 000200220000002000020000000000000000000000000000000000000000000000000000000000000000000000000000000000000000020022022000000000000000000000000000000000000800000000000000000000000000
 222200000022000002000000000000000000000000000000000000000000000000000000000000000000000000000000000000202020222280800888888800000000000000000088800808888080000000000000000000000000
 002000000000000000000000000000000000000000000000000000000000000000000000000000000000000000000200000022000000000000000000000800000000000000000080000000000000000000000000000000000000
 222020000000000000000000000000000000000000000000000000000000000000000000000000000000000000002002000002000000888880800000000000000000000000000000000000000000000000000000000000000000
 000220000000000002000000000000000000000000000000000000000000000000000000000000000000000000000200200000000000888800000000000000000000000000000000000000000000000000000000000000000000
 000222000200022200200000000000000000000000000000000000000000000000000000000000000000000022222222888888000000000000000000000000000000000000000000000000000000000000000000000000000000
 220000002000020002000000000000000000000000000000000000000000000000000000000002000000222000000888800000000000000000000000000000000000000000000000000000000000000000000000000000000000
 000222000200000022220000000000000000000000000000000000000000000000000000000000220022222000000800000000000000000000000000000000000000000000000000000000000000000000000000000000000000
 000220002200000000000000000000000000000000000000000000000000000000000000202200000000000000800080088800000000000000000000000000000000000000000000000000000000000000000000000000000000
 000000000022222022000000000000000000000000000000000000000000000000220000002000000000000000000888888880000000000000000000000000000000000000000000000000000000000000000000000000000000
 000000000000200000000000000000000000000000000000000000000000000000020000000000000000000000000000000880000000000000000000000000000000000000000000000000000000000000000000000000000000
 000000000000000000000000000000000000000000000000000000000000000000220000000000000000000000000000088880000000000000000000000000000000000000000000000000000000000000000000000000000000
 000000000000000000000000000000000000000000000000000000000000222222220000000000000000008888808888880000000000000000000000000000000000000000000000000000000000000000000000000000000000
 000000020000000000000000000000000000000000000000000000000000220000000000000000008088800000000000000000000000000000000000000000000000000000000000000000000000000000000000000000000000
 000022022220000000000000000000000000000000000000000000000000220000088888880080000000000000000000000000000000000000000000000000000000000000000000000000000000000000000000000000000000
 002000000220000220020000000000000000000000000000000000000002220000088800000000000000000000000000000000000000000000000000000000000000000000000000000000000000000000000000000000000000
 222200002220000200222200000000000000000000000000000022222222220000088880000000000000000000000000000000000000000000000000000000000000000000000000000000000000000000000000000000000000
 000000002000002000020000000000000000000000000000002000000000000000000000080800000000000000000000000000000000000000000000000000000000000000000000000000000000000000000000000000000000
 000000002000000222220200000000000000000000000002222000000000000000000000000800000000000000000000000000000000000000000000000000000000000000000000000000000000000000000000000000000000
 000000002200000002200000000000000000000000002200000000000000000000000000000800000000000000000000000000000000000000000000000000000000000000000000000000000000000000000000000000000000
 000000002000000000000000000000000000000000002200000000000000000000000000000800000000000000000000000000000000000000000000000000000000000000000000000000000000000000000000000000000000
 002220200000000000000000000000000000000000000202000000000000000000000000000888080000000000000000000000000000000000000000000000000000000000000000000000000000000000000000000000000000
 002020200020000000002002000200020020000000002222000000000000000000000000000000000880000000000000000000000000000000000000000000000000000000000000000000000000000000000000000000000000
 222222202022022020002202222222022222200022222222000000000000000000000000000000000888000000008008880000880088800800000000000000000000000000000000000000000000000000000000000000000000
 022000000000000000000000000000000000000000000000000000000000000000000000000000000000800000088800000888000000080888888088000000000000000000000000000000000000000000000000000000000000
 022222222222200002222222222222222222220000000000000000000000000000000000000000000000000888888000000000000000000000088888888800000000000000000000000000000000000000000000000000000000
 000020202222200002222200000200000000220000000000000000000000000000000000000000000000000000000000000000000000000000000000000808880000000000000000000000000000000000000000000000000000
 000000000000222020000000000000000000002022200000000000000000000000000000000000000000000000000000000000000000000000000000000000800000000000000000000000000000000000000000000000000000
 000000000000000000000000000000000000000002200000000000000000000000000000000000000000000000000000000000000000000000000000000000088000000000000000000000000000000000000000000000000000
 000222000000000000000000002200000000000202200000000000000000000000000000000000000000000000000000000000000000000000000000000000088000000000000000000000000000000000000000000000000000
 202222200020002202022220222220200022222222200000000000000000000000000000000000000000000000000000000000000000000000000000000000088888880000000000000000000000000000000000000000000000
 000000200000020000000000000000000000000000000000000000000000000000000000000000000000000000000000000000000000000000000000000000000000880000000000000000000000000000000000000000000000
 000000000000000000000000000000000000000000000000000000000000000000000000000000000000000000000000000000000000000000000000000000000000888800000000000000000000000000000000000000000000
 000000000002000000000000000000000000020000000000000000000000000000000000000000000000000000000000000000000000000000000000000000000000000008000000000000000000000000000000000000000000
 002222222000000002000022222222202022202222222202222220000000000000000000000000000000000000000000000000000000000000000000000000000000000080000000000000000000000000000000000000000000
 002222200000000022000202000000000002000000000000000020000000000000000000000000000000000000000000000000000000000000000000000000000000000008800000000000000000000000000000000000000000
 002000000000000002222222000000000000022200000000000002222000000000000000000000000000000000000000000000000000000000000000000000000000000008800000000000000000000000000000000000000000
 002000000000000000200000000000000000022020000202000000022000000000000000000000000000000000000000000000000000000000000000000000000000000008800000000000000000000000000000000000000000
 020000000000000022000000000000000000022000000002000000022000000000000000000000000000000000000000000000000000000000000000000000000000000080800000000000000000000000000000000000000000
 200000000000002222222000000000000000022202220222000000000002200000000000000000000000000000000000000000000000000000000000000000000000000008800000000000000000000000000000000000000000
 020000000000002200200200000000000000000000000000000000000002200200000000000000000000000000000000000000000000000000000000000000000000000008800000000000000000000000000000000000000000
 000000000000000222200000000000000000000000000000000000000000020222000000000000000000000000000000000000000000000000000000000000000000000008800000000000000000000000000000000000000000
 200000000000000022000000000000000000000000000000000000000000020222000200220000000000000000000000000000000000000000000000000000000000000008000000080080000000000000000000000000000000
 002000000000000000000000000000000000000000000000000000000000000002220000002000000000000000000000000000000000000000000000000000000000000008888808888800880000000000000000000000000000
 002200000000000000000000000000000000000000000000000000000000000002000000022000000000000000000000000000000000000000000000000000000000000000000000000080880000000000000000000000000000
 002200000000000000000000000000000000000000000000000000000000000000000000022002222222000000000000000000000000000000000000000000000000000000000888888888880000000000000000000000000000
 000200000000000000000000000000000000000000000000000000000000000000000000000002002202000000000000000000000000000000000000000000000000000000000880000000800000000000000000000000000000
 000000220202020000000000000000000000000000000200200000000000000000000000000000000002000000000000000000000000000000000000000000000000000000000880000000000000000000000000000000000000
 000000222222222220200000000000000222000200000222220000000000000000000000000000000022222002222000000000000000000000000000000000000000000000088800000000000000000000000000000000000000
 000000000000000000022000000000022200000020022200002220000000000000000000000000000000000000022000000000000000000000000000000000000000000000088800000000000000800000000000000000000000
 000000000000000000100000000000011000000022222200022222000000000000000000000000000000000000022000000000000000000000000000000000000000000000088000800000008880880000000000000000000000
 000000000000000000100000000000011100000000000000000000002000000000000000000000000000000000000200000000000000000000000000000000000000000000000008800000800000800000000000000000000000
 011011111100000000011000000000000011000000000000000000000200000000000000000000000000000222220000000000000000000000000000000000000000000000000008888800000008880000000000000000000000
 010000111100000000001000000000000011000000000000000000000002220000000000000000000000000220000000000000000000000000000000000000000000000000000000000000000008800000000000000000000000
 100000001100000011001000000000011111000000000000000000222220022020000000000000000000000222220000000000000000000000000000000000000000000000000000000800008888800000000000000000000000
 000000000100000011000000000000110000000000000000000000020220000002000000000000000000000020022000000000000000000000000000000000000000000000000000000080000000000000000000000000000000
 000000001100000010000000000000110000000000000000000000000000000002022000000000000000000000002200000000000000000000000000000000000000000000000000000080000000000000000000000000000000
 000000001100101100000000000000010000000000000000002200000002000002222200000000000000000000000022202220220000000000000000000000000000000000000000888000000000000000000000000000000000
 000000000100011000000000000000000000000000000000002200000002000000000020000000000000000000000000000020220000000000000000000000000000000000000000880000000000000000000000000000000000
