 000000000000000000000000000000000000000000000000000000000000000000000000000000000000000000000001111100000000000000000000000000000000000000000000000000000000000000000000000000000000
 000000000000000000000000000000000000000000000000000000000011000000000000000000000000000000000001000000000000010000000000000000000000000000000000000000000000000000000000000010100011
 000000000000000000000000000000000000000000000000000000000001000000000000000000000000000000000001110000000000111000000000000000000000000000000000000000000000000000000000000110101111
 000000000000000000000000000000000000000000000000000000000100000000000000000000000000000000000000011000000000011000000000000000000000000000000000000000000000000000000000110000000000
 000000000000000000000000000000000000000000000000000000001100000000000000000000000000000000000000011100000000111000000000000000000000000000000000000000000000000000000001110000000000
 000000000000000000000000000000000000000000000000000000010000000000000000000000000000000000000000000010000000001000000000000000000000000000000000000000000000000000000001000000000000
 000000000000000000000000000000000000000000000000000000110000000000000000000000000000000000000000000011101110000100000000000000000000000000000000000000000000000000000001000000000000
 000000000000000000000000000000000000000000000000000000110000000000000000000000000000000000000000000000000000000100000000000000000000000000000000000000000000000000000000000000000000
 000000000000000000000000000000000000000000000000000011010000000000000000000000000000000000000000000000000000000100000000000000000000000000000000000000000000000000000011000000000000
 000000000000000000000000000000000000000000000000000111110000000000000000000000000000000000000000000000000000001000000000000000000000000000000000000000000000000000000101000000000000
 000000000000000000000000000000000000000000000000001000000000000000000000000000000000000000000000000000000000000000000000000000000000000000000000000000000000000000011100000000000000
 000000000000000000000000000000000000000000000000001000000000000000000000000000000000000000000000000000000000000100000000000000000000000000000000000000000000000001111100000000000000
 000000000000000000000000000000000000000000000000000000000000000000000000000000000000000000000000000000000000000100000000000000000000000000000000000000000000000010000000000000000000
 000000000000000000000000000000000000000000000000000000000000000000000000000000000000000000000000000000000000000110000000000000000000000000000000000000000000000110000000000000000000
 000000000000000000000000000000000000000000000001111000000000000000000000000000000000000000000000000000000000000100000000000000000000000000000000000000000000001000000000000000000000
 000000000000000000000000000000000000000000000011100000000000000000000000000000000000000000000000000000000000000100000000000000000000000000000000000000000000011000000000000000000000
 000000000000000000000000000000000000000000000010000000000000000000000000000000000000000000000000000000000000000100000000000000000000000000000000000000000000100000000000000000000000
 000000000000000000000000000000000000000000000010000000000000000000000000000000000000000000000000000000000000000100000000000000000000000000000000000000000011100000000000000000000000
 000000000000000000000000000000000000000000111110000000000000000000000000000000000000000000000000000000000000000110000000000000000000000000000000000000000111100000000000000000000000
 000000000000000000000000000000000000000011000000000000000000000000000000000000000000000000000000000000000000000110000000000000000000000000000000000000000110000000000000000000000000
 000000000000000000000000000000000000000001000000000000000000000000000000000000000000000000000000000000000000000110000000000000000000000000000000000000111110000000000000000000000000
 000000000000000000000000000000000000111100000000000000000000000000000000000000000000000000000000000000000000000000000000000000000000000000000000000001100000000000000000000000000000
 000000000000000000000000000000000001111100000000000000000000000000000000000000000000000000000000000000000000000001000000000000000000000000000000000000000000000000000000000000000000
 000000000000000000000000000000010000000000000000000000000000000000000000000000000000000000000000000000000000000001000000000000000000000000000000000001000000000000000000000000000000
 000000000000000000000000000001100000000000000000000000000000000000000000000000000000000000000000000000000000000001000000000000000000000000000000011111000000000000000000000000000000
 000000000000000000000000000010000000000000000000000000000000000000000000000000000000000000000000000000000000000001000000000000000000000000000000010000000000000000000000000000000000
 000000000000000000000000000010000000000000000000000000000000000000000000000000000000000000000000000000000000000001100000000000000000000000000010110000000000000000000000000000000000
 000000000000000000000000000010000000000000000000000000000000000000000000000000000000000000000000000000000000000001100000000000000000000000001111110000000000000000000000000000000000
 000000000000000000000000011110000000000000000000000000000000000000000000000000000000000000000000000000000000000000010000000000000000000000001000000000000000000000000000000000000000
 000000000000000000000111111110000000000000000000000000000000000000000000000000000000000000000000000000000000000000010000000000000000000000001000000000000000000000000000000000000000
 000000000000000000111100000000000000000000000000000000000000000000000000000000000000000000000000000000000000000000011000000000000000000000001000000000000000000000000000000000000000
 000000000000000011111100000000000000000000000000000000000000000000000000000000000000000000000000000000000000000000011100000000000000000000001000000000000000000000000000000000000000
 000000000000000110000000000000000000000000000000000000000000000000000000000000000000000000000000000000000000000000000100000000000000000000001000000000000000000000000000000000000000
 000000000001111110000000000000000000000000000000000000000000000000000000000000000000000000000000000000000000000000000010000000000000000000001000000000000000000000000000000000000000
 000000000011000000000000000000000000000000000000000000000000000000000000000000000000000000000000000000000000000000000000000000000000000000001000000000000000000000000000000000000000
 000000011110000000000000000000000000000000000000000000000000000000000000000000000000000000000000000000000000000000000010000000000000000000000100000000000000000000000000000000000000
 001111111110000000000000000000000000000000000000000000000000000000000000000000000000000000000000000000000000000000000010000000000000000000000100000000000000000000000000000000000000
 110000000000000000000000000000000000000000000000000000000000000000000000000000000000000000000000000000000000000000000011000000000000000000000100000000000000000000000000000000000000
 110000000000000000000000000000000011110000000000000000000000000000000000000000000000000000000000000000000000000000000011000000000000000000001000000000000000000000000000000000000000
 000000000000000000000000000000000001110000000000000000000000000000000000000000000000000000000000000000000000000000000001000000000000000000001000000000000000000000000000000000000000
 000000000000000000000000000000000000110000000000000000000000000000000000000000000000000000000000000000000000000000000001000000000000000000001000000000000000000000000000000000000000
 000000000000000000000000000000000000000000000000000000000000000000000000000000000000000000000000000000000000000000000000100000000000000000011000000000000000000000000000000000000000
 000000000000000000011111000000000000000000000000000000000000000000000000000000000000000000000000000000000000000000000000110000000000000000011000000000000000000000000000000000000000
 000000000000000000011100100000000000000000000000000000000000000000000000000000000000000000000000000000000000000000000000001000000000000000000000000000000000000000000000000000000000
 000000000000001011000000000000000000000000000000000000000000000000000000000000000000000000000000000000000000000000000000001000000000000000010000000000000000000000000000000000000000
 000000011110110100000000100000000000000000000000000000000000000000000000000000000000000000000000000000000000000000000000001100000000000000010000000000000000000000000000000000000000
 001010111000000000000000000000000000000000000000000000000000000000000000000000000000000000000000000000000000000000000000001100000000000000010000000000000000000000000000000000000000
 110000100000000000000000100000000000000000000000000000000000000000000000000000000000000000000000000000000000000000000000001010000000000000010000000000000000000000000000000000000000
 000000000000000000000000100000000000000000000000000000000000000000000000000000000000000000000000000000000000000000000000000000000000000001100000000000000000000000000000000000000000
 000000000000000000000001000000000000000000000000000000000000000000000000000000000000000000000000000000000000000000000000000010000000000011100000000000000000000000000000000000000000
 000000000000000000000001000000000000000000000000000000000000000000000000000000000000000000000000000000000000000000000000000011000000000010000000000000000000000000000000000000000000
 000000000000000000000001000000000000000000000000000000000000000000000000000000000000000000000000000000000000000000000000000010000000000110001010000000000000000000000000000000000000
 000000000000000000000001000000000000000000000000000000000000000000000000000000000000000000000000000000000000000000000000000010000000000110001011000000000000000000000000000000000000
 000000000000000000000011000000000000000000000000000000000000000000000000000000000000000000000000000000000000000000000000000011100000011110001001000000000000000000000000000000000000
 000000000000000000000111000000000000000000000000000000000000000000000000000000000000000000000000000000000000000000000000000011100000111110010000110000000000000000000000000000000000
 000000000000000000000100000000000000000000000000000000000000000000000000000000000000000000000000000000000000000000000000000000010000100000010000110000000000000000000000000000000000
 000000000000000000001100000000000000000000000000000000000000000000000000000000000000000000000000000000000000000000000000000000011001000000110000010000000000000000000000000000000000
 000000000000000000011000000000000000000000000000000000000000000000000000000000000000000000000000000000000000000000000000000000000000000000100000010000000000000000000000000000000000
 000000000000000000010000000000000000000000000000000000000000000000000000000000000000000000000000000000000000000000000000000000000000000000100000001100000000000000000000000000000000
 000000000000000000110000000000000000000000000000000000000000000000000000000000000000000000000000000000000000000000000000000000000000000000110000001000000000000000000000000000000000
 000000000000000000110000000000000000000000000000000000000000000000000000000000000000000000000000000000000000000000000000000000000000000000110000000100000000000000000000000000000000
 000000000000000001000000000000000000000000000000000000000000000000000000000000000000000000000000000000000000000000000000000000000000000000110000000100000000000000000000000000000000
 000000000000000001000000000000000000000000000000000000000000000000000000000000000000000000000000000000000000000000000000000000000000000000110000000100000000000000000000000000000000
 000000000000000010000000000000000000000000000000000000000000000000000000000000000000000000000000000000000000000000000000000000000000000000110000000100000000000000000000000000000000
 000000000000000010000000000000000000000000000000000000000000000000000000000000000000000000000000000000000000000000000000000000000000000000010000001100000000000000000000000000000000
 000000000000000010000000000000000000000000000000000000000000000000000000000000000000000000000000000000000000000000000000000000000000000000001001111100000000000000000000000000000000
 000000000000000000000000000000000000000000000000000000000000000000000000000000000000000000000000000000000000000000000000000000000000000000000010000000000000000000000000000000000000
 000000000000001000000000000000000000000000000000000000000000000000000000000000000000000000000000000000000000000000000000000000000000000000000000000000000000000000000000000000000000
 000000000000011000000000000000000000000000000000000000000000000000000000000000000000000000000000000000000000000000000000000000000000000000000000000000000000000000000000000000000000
 000000000000011000000000000000000000000000000000000000000000000000000000000000000000000000000000000000000000000000000000000000000000000000000000000000000000000000000000000000000000
 000000000000100000000000000000000000000000000000000000000000000000000000000000000000000000000000000000000000000000000000000000000000000000000000000000000000000000000000000000000000
 000000000000100000000000000000000000000000000000000000000000000000000000000000000000000000000000000000000000000000000000000000000000000000000000000000000000000000000000000000000000
 000000000001100000000000000000000000000000000000000000000000000000000000000000000000000000000000000000000000000000000000000000000000000000000000000000000000000000000000000000000000
 000000000010000000000000000000000000000000000000000000000000000000000000000000000000000000000000000000000000000000000000000000000000000000000000000000000000000000000000000000000000
 000000000110000000000000000000000000000000000000000000000000000000000000000000000000000000000000000000000000000000000000000000000000000000000000000000000000000000000000000000000000
 000000000000000000000000000000000000000000000000000000000000000000000000000000000000000000000000000000000000000000000000000000000000000000000000000000000000000000000000000000000000
 000000000000000000000000000000000000000000000000000000000000000000000000000000000000000000000000000000000000000000000000000000000000000000000000000000000000000000000000000000000000
 000000010000000000000000000000000000000000000000000000000000000000000000000000000000000000000000000000000000000000000000000000000000000000000000000000000000000000000000000000000000
 000001110000000000000000000000000000000000000000000000000000000000000000000000000000000000000000000000000000000000000000000000000000000000000000000000000000000000000000000000000000
 000011000000000000000000000000000000000000000000000000000000000000000000000000000000000000000000000000000000000000000000000000000000000000000000000000000000000000000000000000000000
 000100000000000000000000000000000000000000000000000000000000000000000000000000000000000000000000000000000000000000000000000000000000000000000000000000000000000000000000000000000000
 011100000000000000000000000000000000000000000000000000000000000000000000000000000000000000000000000000000000000000000000000000000000000000000000000000000000000000000000000000000000
 110000000000000000000000000000000000000000000000000000000000000000000000000000000000000000000000000000000000000000000000000000000000000000000000000000000000000000000000000000000000
 110000000000000000000000000000000000000000000000000000000000000000000000000000000000000000000000000000000000000000000000000000000000000000000000000000000000000000000000000000000000
 000000000000000000000000000000000000000000000000000000000000000000000000000000000000000000000000000000000000000000000000000000000000000000000000000000000000000000000000000000000000
 000000000000000000000000000000000000000000000000000000000000000000000000000000000000000000000000000000000000000000000000000000000000000000000000000000000000000000000000000000000000
 000000000000000000000000000000000000000000000000000000000000000000000000000000000000000000000000000000000000000000000000000000000000000000000000000000000000000000000000000000000000
 000000000000000000000000000000000000000000000000000000000000000000000000000000000000000000000000000000000000000000000000000000000000000000000000000000000000000000000000000000000000
 000000000000000000000000000000000000000000000000000000000000000000000000000000000000000000000000000000000000000000000000000000000000000000000000000000000000000000000000000000000000
 000000000000000000000000000000000000000000000000000000000000000000000000000000000000000000000000000000000000000000000000000000000000000000000000000000000000000000000000000000000000
