 000000000000000000000000000000000000000000000000000000000000000000000000000000000000000000000000000000000000000000000000000000000000000000000000000000000000000000000000000000000000
 000000000000000000000000000000000000000000000000000000000000000000000000000000000000000000000000000000000000000000000000000000000000000000000000000000000000000000000000000000000000
 000000000000000000000000000000000000000000000000000000000000000000000000000000000000000000000000000000000000000000000000000000000000000000000000000000000000000000000000000000000000
 000000000000000000000000000000000000000000000000000000000000000000000000000000000000000000000000000000000000000000000000000000000000000000000000000000000000000000000000000000000000
 000000000000000000000000000000000000000000000000000000000000000000000000000000000000000000000000000000000000000000000000000000000000000000000000000000000000000000000000000000000000
 000000000000000000000000000000000000000000000000000000000000000000000000000000000000000000000000000000000000000000000000000000000000000000000000000000000000000000000000000000000000
 000000000000000000000000000000000000000000000000000000000000000000000000000000000000000000000000000000000000000000000000000000000000000000000000000000000000000000000000000000000000
 000000000000000000000000000000000000000000000000000000000000000000000000000000000000000000000000000000000000000000000000000000000000000000000000000000000000000000000000000000000000
 000000000000000000000000000000000000000000000000000000000000000000000000000000000000000000000000000000000000000000000000000000000000000000000000000000000000000000000000000000000000
 000000000000000000000000000000000000000000000000000000000000000000000000000000000000000000000000000000000000000000000000000000000000000000000000000000000000000000000000000000000000
 000000000000000000000000000000000000000000000000000000000000000000000000000000000000000000000000000000000000000000000000000000000000000000000000000000000000000000000000000000000000
 000000000000000000000000000000000000000000000000000000000000000000000000000000000000000000000000000000000000000000000000000000000000000000000000000000000000000000000000000000000000
 000000000000000000000000000000000000000000000000000000000000000000000000000000000000000000000000000000000000000000000000000000000000000000000000000000000000000000000000000000000000
 000000000000000000000000000000000000000000000000000000000000000000000000000000000000000000000000000000000000000000000000000000000000000000000000000000000000000000000000000000000000
 000000000000000000000000000000000000000000000000000000000000000000000000000000000000000000000000000000000000000000000000000000000000000000000000000000000000000000000000000000000000
 000000000000000000000000000000000000000000000000000000000000000000000000000000000000000000000000000000000000000000000000000000000000000000000000000000000000000000000000000000000000
 000000000000000000000000000000000000000000000000000000000000000000000000000000000000000000000000000000000000000000000000000000000000000000000000000000000000000000000000000000000000
 000000000000000000000000000000000000000000000000000000000000000000000000000000000000000000000000000000000000000000000000000000000000000000000000000000000000000000000000000000000000
 000000000000000000000000000000000000000000000000000000000000000000000000000000000000000000000000000000000000000000000000000000000000000000000000000000000000000000000000000000000000
 000000000000000000000000000000000000000000000000000000000000000000000000000000000000000000000000000000000000000000000000000000000000000000000000000000000000000000000000000000000000
 000000000000000000000000000000000000000000000000000000000000000000000000000000000000000000000000000000000000000000000000000000000000000000000000000000000000000000000000000000000000
 000000000000000000000000000000000000000000000000000000000000000000000000000000000000000000000000000000000000000000000000000000000000000000000000000000000000000000000000000000000000
 000000000000000000000000000000000000000000000000000000000000000000000000000000000000000000000000000000000000000000000000000000000000000000000000000000000000000000000000000000000000
 000000000000000000000000000000000000000000000000000000000000000000000000000000000000000000000000000000000000000000000000000000000000000000000000000000000000000000000000000000000000
 000000000000000000000000000000000000000000000000000000000000000000000000000000000000000000000000000000000000000000000000000000000000000000000000000000000000000000000000000000000000
 000000000000000000000000000000000000000000000000000000000000000000000000000000000000000000000000000000000000000000000000000000000000000000000000000000000000000000000000000000000000
 000000000000000000000000000000000000000000000000000000000000000000000000000000000000000000000000000000000000000000000000000000000000000000000000000000000000000000000000000000000000
 000000000000000000000000000000000000000000000000000000000000000000000000000000000000000000000000000000000000000000000000000000000000000000000000000000000000000000000000000000000000
 000000000000000000000000000000000000000000000000000000000000000000000000000000000000000000000000000000000000000000000000000000000000000000000000000000000000000000000000000000000000
 000000000000000000000000000000000000000000000000000000000000000000000000000000000000000000000000000000000000000000000000000000000000000000000000000000000000000000000000000000000000
 000000000000000000000000000000000000000000000000000000000000000000000000000000000000000000000000000000000000000000000000000000000000000000000000000000000000000000000000000000000000
 000000000000000000000000000000000000000000000000000000000000000000000000000000000000000000000000000000000000000000000000000000000000000000000000000000000000000000000000000000000000
 000000000000000000000000000000000000000000000000000000000000000000000000000000000000000000000000000000000000000000000000000000000000000000000000000000000000000000000000000000002220
 000000000000000000000000000000000000000000000000000000000000000000000000000000000000000000000000000000000000000000000000000000000000000000000000000000000000000000000000000000002200
 000000000000000000000000000000000000000000000000000000000000000000000000000000000000000000000000000000000000000000000000000000000000000000000000000000000000000002222202200000002222
 000000000000000000000000000000000000000000000000000000000000000000000000000000000000000000000000000000000000000000000000000000000000000000000000000000000000000002200000000020000000
 000000000000000000000000000000000000000000000000000000000000000000000000000000000000000000000000000000000000000000000000000000000000000000000000000000000000000000000000000002222000
 000000000000000000000000000000000000000000000000000000000000000000000000000000000000000000000000000000000000000000000000000000000000000000000000000000000000000002200000000000002220
 000000000000000000000000000000000000000000000000000000000000000000000000000000000000000000000000000000000000000000000000000000000000000000000000000000000000022000000000000000000000
 000000000000000000000000000000000000000000000000000000000000000000000000000000000000000000000000000000000000000000000000000000000000000000000000000000000000022000000000000000000000
 000000000000000000000000000000000000000000000000000000000000000000000000000000000000000000000000000000000000000000000000000000000000000000000000000000000000000000000000000000000000
 000000000000000000000000000000000000000000000000000000000000000000000000000000000000000000000000000000000000000000000000000000000000000000000000000000000000202000000000000000000000
 000000000000000000000000000000000000000000000000000000000000000000000000000000000000000000000000000000000000000000000000202002000000000000000000000000000000022002220000000000000000
 000000000000000000000000000000000000000000000000000000000000000000000000000000000000000000000000000000000000000000000022020000022222222222200000000000000000022222222000000000000000
 000000000000000000000000000000000000000000000000000000000000000000000000000000000000000000000000010000000000000000000022022002000200000002200000000000000000000000022000000000000000
 000000000000000000000000000000000000000000000000000000000000000000000000000000000000000000000111100100000000000000000022202222200000000000022222200000022222220000022222022200000000
 000000000000000000000000000000000000000000000000000000000000000000000000000000000000000000000100000100000000000000000000000002200202000000000022200000000000220000000000002200000022
 000000000000000000000000000000000000000000000000000000000000000000000000000000000000001111111110001100000000000000000000000002222222222220000022200000022000002222222000002222222222
 000000000000000000000000000000000000000000000000000000000000000000000000000000000000001111100000001000000000000000000000000000000000000000002000000000002020000000002000000000000000
 000000000000000000000000000000000000000000000000000000000000001111111111111100000000001110000000000000000000000000000000000000000000000000000000000000002222000000002000000000000000
 000000000000000000000000000000000000000000000000000000000000001100111111000100000000000001100101000000000000000000000000000000000000000000000000000000000000200200000000000000000000
 000000000000000000000000000000000000000000000000000000000000001000000000001100000000000000000000000000000000000000000000000000000000000000000000000000000000002000000000000000000000
 000000000000000000000000000000000000000000000000000001111111000000000000001100000000000000000000000000000000000000000000000000000000000000000000000000000020000002222200000000000000
 000000000000000000000000000000000000000000000000000001111100000010010000101100000000000000000000000001000100000000000000000000000000000002000000000000000022000000000020000000000000
 000000000000000000000000000000000000000000000001111111000000000011110100111111011101111111111000001110000111110000000000000000222222022220222022200022000022222200022202000000020202
 000000000000000000000000000000000000000000000001110011101000000110000000000010000000011011011000001100000000110000000000000000220020000202000000000000000000000000000000000000000000
 000000000000000000000000000000000000000000000001111111111111111110000000111010000000000000001111111100000000101110000110000000222022222200000000000002000000022220200000002200000000
 000000000000000000000000000000000000000000000000000000000000000000000000010000000000000000000000110000000000000010000000000000000000000002200000000020000000022202200000000200000000
 000000000000000000000000000000000000000000000000000000000000000000000000101000000101111000000000000000000000000000001100000000000000000002220000000200000000200000002222002000000000
 000000000000000000000000000000000000000000000000000000000000000000000000000000100000000110000000000000000000000000001000000000000000000000002000000200000000000000000022000200000000
 000000000000000000000000000000000000000000000000000000000000000000000000000000000000001100000000011100100101110110000000000000000000000000000000000000000000022200000022000220020000
 000000000000000000000000000000000000000000000001111111011100000000000000000000000000000000000111111111111111111110000000000000000000000000000000000000000000020220220022000022222220
 000000000000000000000000000000000000000000000001101100001110100000000000000000000000001011111000000000000000000000000000000000000000000000000000000000000000000000000000000000000000
 000000000000000000000000000000000000000000100000000000000000011110100011111111000000000111111000000000000000000000000000000000000000000000000011111101111000011111101100111111111100
 000000000000000000000000000000000000000000110000000000000000000000000000010111000000000000000000000000000000000000000010000000000000000000000011000001111000011000000000001100000110
 000000000000000000000000000000000000000000110000000000000000000000000000000001111110000000000000000000000000000010011101111000000000000010000000000000111000010000000000000000000000
 000000000000000000000000000000000000000000100000000000000000000000000000000000000100000000000000000000000000000011000000011000000000000000100000000001000000010000000000000000011100
 000000000000000000000000000000000000001111000000000000000000000000000000000000000000111111111000000000000111100100000000111000001110111111100000001111110111010000000000000001111100
 000000000000000000000000000000000000001100000000000000000000000000000000000000000000111011111000000000000110000000000011000000001100011101000000000000010011000000000000000000000000
 000000000000000000000000000000000000001100000000000000000000000010000000000000000000000000000000010100001100000000000011000000001111000000000000000000000011000100000001100000000000
 000000000000000000000000000000000000001000000000000000000000011111100000000000000000000000000011000010000111110000000001000000001111110100000000000000000011000100001111100000000000
 000000000000000000000000000000000000010000000000000000000001100001000000000000000000000000000000000000000010010000000000100000000000000001100000000000000011000100010000000000000000
 000000000000000000000000000000000000001100000000000000000011100100000000000000000000000000000000000000000011111100000000111100000000000001111100000000001011000100011000000000000002
 000000000000000000000000000000000000000000110100000000000010000001100000000000000000000000000000000000000000110000000000011100000000000000000010000011100000000000001010000000000000
 000000000000000000000000000000000000000000111100000111111000000001111010000000000000000000000000000000000000000000000000001100000000000000000110111111100001111000000011100000000000
 000000000000000000000000000000000000000000000000010000000000000000001000000000000000000000000000000000000000000000000000001100000000000000000000000000000010000000000000100000000000
 000000000000000000000000000000000000000000000000000000000000000000000000000000000000000000000000000000000000000000000000000111111000000000000000000000000000000000000000111111000000
 000000000000000000000000000000000000000000000000000000000000000000001010110100001101101101100000000000000000000000000000000000111000000000000000000000000001000000000000001111000000
 000000000000000000000000000000000000000000000000000000000000000000000000000000000011101000011000000000000000000000000000000000000001100000000000000000000010000000000000000001000000
 000000000000000000000000000111011000000000000000000000000000000000000010110101000000000111000000000000000000000000000000000000000000011000000000000000000010000000000000001111000000
 000000000000000000000000001000001000000100000001010011000000000000000010000000000000000000000000000000000000000000000000000000000011001000000000000000000001010000000000000000000000
 110101111101100011110001100000000011111000011111000000111111111000000011110000000000000000000000000000000000000000000000000000000111111000000000001000111111101001000000010111011110
 100000110000000011000000000000000000100000001110000000000011111100000000001000001111000000000000000000000000000001000000000000000010000000000000010000001101110000000100000000000000
 000000000000000000000000000000000000000000000000000000000000000011111111111100001111110000000000000000000000001111110011100000000000000000000000110000000001100000010000000000001010
 000000000000000000000000000000000000000000000000000000000000000000001111110000011000110000000000000000000100000000000000000000000010000000000000101000000000000000010000000000000110
 000000000000000000000000000000000000000000000000000000000000000000000000000000000000111101110111111110110000000000011111110000000000000000000000111011111000100000011000000000000111
 000000000000000000000000000000000000000000000000000000000000000000000000000000000001000010000000000000000000000000011000110000000000000000000000000010001100000000010000000000000011
 000000000000000000000000000000000000000000000000000000000000000000000000000000011000000000000000000000000000000101100000010101000000000000000000001000000100000010100000000000000000
 000000000000000000000000000000000000000000000000000000000000000000000000000000011111111110011111110101110000100000000000000000011011111111011111111000000001000000000000000000000000
 000000000000000000000000000000000000000000000000000000000000000000000000000000000011011110001010000001110000010000000000000000000011111000000001100000000011001000000000000000000000
