 000000000000000000000000000000000000000000000000001000001111000000000000000000000000000000000000000000000000000000000111000000000000111000010111110111000000000000000000000000000000
 000000000000000000000000000000000000000000000000011000000000100000000000000000000000000000000000000000000000000000010000000000000000001001000000000000011000000000000000000000000000
 000000000000000000000000000000000011010000000000011100000000000000000000000000000000000000000000000000000000000000100000000000000000001011000000000000111110000000000000000000000000
 000000000000000000000000000000001100000100000000001100000000110000000000000000000000000000000000000000000000000000000000000000000000000000000000000000000001100000000000000000000000
 000000000000000000000000000000111100001111000000000111000000001000000000000000000000000000000000000000000000000000100000000000000000000000000000000000000000110000000000000000000000
 000000000000000000000000000110000000000001000000000011000000000100000000000000000000000000000000000000000000000000000000000000000000000000000000000000000000001000000000000000000000
 000000000000010111011100000110000000000001000000000000100000000110010000000000000000000000000000000000000000000011000000000000000000000000000000000000000000001110000000000000000000
 000000000000111111111111100110000000000001000000000000011000000111111100000000000000000000000000000000000000000111000000000000000000000000000000000000000000001111110000000000000000
 000000000000100000000000000000000000000000110000000000011000000000001100000000000000000000000000000000000000000100000000000000000000000000000000000000000000000000011100000000000000
 000000000000110000000000000000000111111000011000000000011000000000001111100000000000000000000000000000000000001100000000000000000000000000000000000000000000000000011110000000000000
 000000000000110000000000000000000110001000000010000000001000000000000000011000000000000000000000000000000000001100000000000000000000000000000000000000000000000000000010000000000000
 000000000000110000000000000000000110001000000010000000000011111100000000011100000000000000000000000000000000000100000000000000000001111111111100000000000000000000000011000000000000
 000000000000000000000000000000000110011000000000100000000000111000000000000001100000000000000000000000000000000110000000000000000001101101101100000000000000000000000011000000000000
 000000000001000000000000000000000111011000000000101000000000000111100000000001100000000000000000000000000000000011110000000011111000000000000111111100000000000000000110000000000000
 000000001000000000000000000000000000000000000000000010000000000011100000000001000000000000000000000000000000000000110000000011000000000000000000011100000000000000001100000000000000
 000011110000000000000000000000000000000000000000000011110000000001110000000001000000000000000000000010000000000000001000001110000000000000000000000011100001001100010000000000000000
 001111110000000000000000000000001111001100000000000011111000000000000110000001000000000000000001001111011000000000000000000000000000000000000000000000011110000111000000000000000000
 001100000000000000000000000000001100001100000000000000000110000000001010000001000000000000010011000000001000000000000000000000000000000000000000000000000000000000000000000000000000
 011100000000000000000000000000001100001100000000000000000111000000011101010001000000000000110101000000001100000000000000000000000000000000000000000000000000000000000000000000000000
 110000000000000000000000000000001000001100000000000000000001111000100011010001100000000000110010000000001100000000000000000000000000000000000000000000000000000000000000000000000000
 110000000010100000000000000000001110001100000000000000000001111100100011110001101000000000110000000000001000000000000000000000000000000000000000000000000000000000000000000000000000
 000000000010100000000000000000000010001100000000000000000000000001010000000000011000000000000000000000001010000000000000000000000000000000000000000000000000000000000000000000000000
 000000000011000000000000000000000000001100000000000000000000000000001000000000011000000000010000000000001111000000000000000000000000000000000000000000000000000000000000000000000000
 000000000000000000000000000000000000100000000000000000000000000010001000000000000100000000010000000000000001000000000000000000000000000000000000000000000000000000000000000000000000
 000000000000000000000000000000000000000000000000000000000000000010111000000000000010000000110111000000000011000000000000000000000000000000000000000000000000000000000000000000000000
 000000000000000000000000000000000000000000000000000000000000000100100000000000000000000000000000000000000011000000000000000000000000000000000000000000000000000000000000000000000000
 000000000000000000000000000000000000000000000000000000000000000001100000000000000000100000000000000000000010000000000000000000000000000000000000000000000000000000000000000000000000
 000000000000000000000000000000000000000000000000001111111111110011100000000000000000110000000000100000000011100000000000000000000000000000000000000000000000000000000000000000000000
 000000000000000000000000000000000000000000000000000000110000010000000000000000000000110000000010100000000000010000000000000000000000000000000000000000000000000000000000000000000000
 000000000000000000000000000000000000000000000000001100000000110000000000000000000000110000110111000000000000100000000000000000000000010000000000000000000000000000000000000000000000
 000000000000000000000000000000000000000100000000000011000000100000000000000000000000001000010000000000000000001000000000000000000000000000000000000000000000000000000000000000000000
 000000000000111111110001111110111111000011110000000011111100000000000000000000000000001110010000000000000000011111000000000000000000000000000000000000000000000000000000000000000000
 000000000000111111110001101101011111000001100000000000000110100000000000000000000000000010100000000000000000000000100000001110000000000000110000000000000000000000000000000000000000
 011111111101100000001100000000000000000001010000000000000111000000000000000000000000000011110000000000000000000001111000001011111000000011111110000000000000000000000000000000000000
 011100000000000000000000000000000000000001000000000000000000000000000000000000000000000000000000000000000000000000000100110000000100000010000011000000000000000000000000000000000000
 110000000000000000000000000000000000000000000000000000000000000000000000000000000000000000000000000000000000000000000011100000000111011110000011000000000000000000000000000000000000
 000000000000000000000000000000000000000000110000000000000000000000000000000000000000000000000000000000000000000000000011100000000111111110000011000000000000000000000000000000000000
 000000000000000000000000000000000000000000010000000000000000000000000000000000000000000000000000000000000000000000000000000000000000000000000010000000000000000000000000000000000000
 000000000000000000000000000000000000000000001000000000000000000000000000000000000000000000000000011011100000000000000000000000000111011010000011000000000000000000000000000000000000
 000000000000000000000000000000000000000000000000000000000000000000000000000000000000000000000000011000100000000000000000000000000101000110000011000000000000000000000000000000000000
 000000000000000000000000000000000000000000010000000000000000000000000000000000000000000000000000011111100000000000000000000000000000011110000011000000000000000000000000000000000000
 000000000000000000000000000000000000000001100000000000000000000000000000000000000000000000000000000000000000000000000000000000000011100000000011000000000000000000000000000000000000
 000000000000000000000000000000000000000011000000000000000000000000000000000000000000000000000000000000000000000000000000000000000000000000000011000000000000000000000000000000000000
 000000000000000000000000000000000000000011000000000000000000000000000000000000000000000000000000000000000000000000000000000000000000000000000010000000000000000000000000000000000000
 000000000000000000000000000000000000000011000000000000000000000000000000000000000000000000000000000000000000000000000000000000000000000000000010000000000000000000000000000000000000
 000000000000000000000000000000000000000001110000000000000000000000000000000000000000000000000000000000000000000000000000000000000000000000001100000000000000000000000000000000000000
 000000000000000000000000000000000000000000001000000000000000000000000000000000000000000000000000000000000000000000000000000000000000000000001000000000000000000000000000000000000000
 000000000000000000000000000000000000000000001010100000000000000000000000000000000000001110000000000000000000000000000000000000000000000000001000000000000000000000000000000000000000
 000000000000000000000000000000000000000000000000111101110000000000000000000000000000111110100000000000000000000000000000000000000000000000011000000000000000000000000000000000000000
 000000000000000000000000000000000000000000000000000000001111110000000000000000011111000000011100000000000000000000000000000000000000000000110000000000000000000000000000000000000000
 000000000000000000000000000000000000000000000000000000000001110000000000000000011100000000001100000000000000000000000000000000000000000000110000000000000000000000000000000000000000
 000000000000000000000000000000000000000000000000000000000000000000000000000000011000000000000111111110000000000000000000000000000000000000110000000000000000000000000000000000000000
 000000000000000000000000000000000000000000000000000000000000010000000000000000010000000000000000001110000000000000000000000000000000000000100000000000000000000000000000000000000000
 000000000000000000000000000000000000000000000000000000000000000000000000000000010000000000000000000011111000000000000000000110010000000000100000000000000000000000000000000000000000
 000000000000000000000000000000000000000000000000000000000000001111111000000000011000000000000000000000000111111100000000110000110100000011000000000000000000000000000000000000000000
 000000000000000000000000000000000000000000000000000000000000000010101100000000011000000000000000000000000000011110100001000000000011110110000000000000000000000000000000000000000000
 000000000000000000000000000000000000000000000000000000000000000000000001110000011000000000000000000000000000000000011000000000000000000000000000000000000000000000000000000000000000
 000000000000000000000000000000000000000000000000000000000000000000000000010000010000000000000000000000000000000000000000000000000000000000000000000000000000000000000000000000000000
 000000000000000000000000000000000000000000000000000000000000000000000000001111100000000000000000000000000000000000000000000000000000000000000000000000000000000000000000000000000000
 000000000000000000000000000000000000000000000000000000000000000000000000000000000000000000000000000000000000000000000000000000000000000000000000000000000000000000000000000000000000
 000000000000000000000000000000000000000000000000000000000000000000000000000000000000000000000000000000000000000000000000000000000000000000000000000000000000000000000000000000000000
 000000000000000000000000000000000000000000000000000000000000000000000000000000000000000000000000000000000000000000000000000000000000000000000000000000000000000000000000000000000000
 000000000000000000000000000000000000000000000000000000000000000000000000000000000000000000000000000000000000000000000000000000000000000000000000000000000000000000000000000000000000
 000000000000000000000000000000000000000000000000000000000000000000000010000000000000000000000000000000000000000000000000000000000000000000000000100000000000000000000000000000000000
 000000000000000000000000000000000000000000000000000000000000000000000000000000000000000000000000000000000000000000000000000000000001000000000000000000000000000000000000000000000000
 000000000000000000000000000000000000000000000000000000000000000000000000000000000000000000000000000000000000000000000000000000000001100000000000000000000000000000000000000000000000
 000000000000000000000000000000000000000000000000000000000000000000000000000000000000000000000000000000000000000000000000000000000000111001100000000000000000000000000000000000000000
 000000000000000000000000000000000000000000000000000000000000000000000000000000000000000000000000000000000000000000000000000000000000111101111000000000000000000000000000000000000000
 000000000000000000000000000000000000000000000000000000000000000000000000000000000000000000000000000000000000000000000000000000000000010000001100000000000000000000000000000000000000
 000000000000000000000000000000000000000000000000000000000000000000000000000000000000000000000000000000000000000000000000000000000000001110001100000000000000000000000000000000000000
 000000000000000000000000000000000000000000000000000000000000000000000000000000000000000000000000000000000000000000000000000000000000001110000011000000000000000000000000000000000000
 000000000000000000000000000000000000000000000000000000000000000000000000000000000000000000000000000000000000000000000000000000000000000110000011000000000000000000000000000000000000
 000000000000000000000000000000000000000000000000000000000000000000000000000000000000000000000000000000000000000000000000000000000000000110000011000000000000000000000000000000000000
 000000000000000000000000000000000000000000000000000000000000000000000000000000000000000000000000000000000000000000000000000000000000000110000000110000000000000000000000000000000000
 000000000000000000000000000000000000000000000000000000000000000000000000000000000000000000000000000000000000000000000000000000000000000010000000010000000000000000000000000000000000
 000000000000000000000000000000000000000000000000000000000000000000000000000000000000000000000000000000000000000000000000000000000000000010000000011000000000000000000000000000000000
 000000000000000000000000000000000000000000000000000000000000000000000000000000000000000000000000000000000000000000000000000000000000000001100000011000000000000000000000000000000000
 000000000000000000000000000000000000000000000000000000000000000000000000000000000000000000000000000000000000000000000000000000000000000000100000000100000000000000000000000000000000
 000000000000000000000000000000000000000000000000000000000000000000000000000000000000000000000000000000000000000000000000000000000000000000111000000110000000000000000000000000000000
 000000000000000000000000000000000000000000000000000000000000000000000000000000000000000000000000000000000000000000000000000000000000000000011000000011000000000000000000000000000000
 000000000000000000000000000000000000000000000000000000000000000000000000000000000000000000000000000000000000000000000000000000000000000000011000000001000000000000000000000000000000
 000000000000000000000000000000000000000000000000000000000000000000000000000000000000000000000000000000000000000000000000000000000000000000001000000001000000000000000000000000000000
 000000000000000000000000000000000000000000000000000000000000000000000000000000000000000000000000000000000000000000000000000000000000000000001000000001100000000000000000000000000000
 000000000000000000000000000000000000000000000000000000000000000000000000000000000000000000000000000000000000000000000000000000000000000000000110000001111000000000000000000000000000
 000000000000000000000000000000000000000000000000000000000000000000000000000000000000000000000000000000000000000000000000000000000000000000000110000000001100000000000000000000000000
 000000000000000000000000000000000000000000000000000000000000000000000000000000000000000000000000000000000000000000000000000000000000000000000110000000000010000000000000000000000000
 000000000000000000000000000000000000000000000000000000000000000000000000000000000000000000000000000000000000000000000000000000000000000000000010000000000010000000000000000000000000
 000000000000000000000000000000000000000000000000000000000000000000000000000000000000000000000000000000000000000000000000000000000000000000000010000000000011000000000000000000000000
 000000000000000000000000000000000000000000000000000000000000000000000000000000000000000000000000000000000000000000000000000000000000000000000011000000000001000000100000000000000000
 000000000000000000000000000000000000000000000000000000000000000000000000000000000000000000000000000000000000000000000000000000000000000000000001010000000000100000000000000000000000
